org.apache.tools.ant.AntClassLoader 3,3,3,17,4,2,2,2,410,4,1,6,411,4,1,3,2,6,4,1,3,18,16,1,11,1,3,33,2,2,9,1,2,3,3,3,3,3,3,3,3,3,3,3,3,3,3,3,1,11,1,2,65,3,54,3,2,2,65,2,2,65,9,1,17,4,2,236,2,2,209,5,1,3,163,3,72,12,3,1,11,1,2,395,9,1,17,4,5,1,2,2,2,399,2,399,17,4,17,4,5,1,2,1,2,236,2,2,139,4,1,5,1,2,8,4,1,5,1,7,5,1,11,1,2,50,123,3,2,50,123,2,9,1,3,124,7,22,9,1,7,22,4,1,5,1,11,1,3,2,50,123,2,2,9,1,3,124,7,22,9,1,7,22,4,1,3,56,2,19,4,1,2,4,1,11,1,2,59,9,1,4,1,2,19,4,1,2,19,4,1,2,8,3,389,5,1,2,391,6,4,1,2,8,3,389,5,1,2,396,6,4,1,3,5,335,1,2,5,1,2,8,1,2,407,5,1,2,8,1,2,407,5,1,2,8,1,2,5,1,2,8,5,1,2,8,6,4,1,3,12,3,35,25,1,3,27,2,6,4,1,5,1,6,385,1,6,160,4,1,11,1,5,31,1,6,5,49,1,3,5,31,1,6,1,3,38,5,1,2,2,36,3,336,5,1,6,238,9,1,2,8,26,52,43,6,4,1,3,12,3,35,25,1,3,27,5,47,1,2,37,12,3,35,25,1,3,27,5,47,1,2,37,6,4,1,3,5,335,1,2,213,213,5,1,2,8,1,12,3,35,25,1,3,27,2,5,1,2,8,5,335,1,2,213,213,5,1,2,8,5,1,2,8,6,4,1,6,4,1,11,1,5,31,1,6,5,49,1,3,5,31,1,11,1,6,22,9,1,6,1,3,38,5,1,2,2,36,3,336,5,1,11,1,6,22,9,1,6,9,1,2,89,6,4,1,3,389,5,1,6,5,335,1,11,1,2,396,2,8,9,1,2,391,2,8,1,11,1,2,391,2,8,9,1,5,1,7,2,396,2,8,5,1,2,6,4,1,6,46,4,1,3,3,3,18,63,1,2,21,3,387,5,1,11,1,3,50,3,6,50,9,1,3,124,5,1,7,5,1,7,1,7,22,9,1,7,22,1,6,4,1,2,8,6,4,1,3,3,11,1,12,3,35,25,1,3,27,11,1,2,5,1,6,9,1,2,8,7,1,11,1,5,1,2,30,9,1,4,1,5,1,6,1,6,106,4,1,2,2,12,3,35,25,1,3,27,11,1,2,30,9,1,2,217,4,1,214,4,1,2,390,174,4,1,183,4,1,212,4,1,211,4,1,188,4,1,
org.apache.tools.ant.BuildEvent 3,3,3,3,3,3,17,4,2,2,2,17,4,2,60,2,2,17,4,2,60,2,367,2,366,4,1,2,2,4,1,2,251,4,1,6,4,1,6,4,1,6,4,1,6,4,1,6,403,4,1,6,
org.apache.tools.ant.BuildException 3,3,17,4,17,4,17,4,2,17,4,2,17,4,22,2,17,4,2,17,4,2,403,4,1,6,116,4,1,6,22,43,253,4,1,2,4,1,6,388,4,1,2,89,388,4,1,340,1,2,89,5,1,2,28,2,89,388,4,1,340,1,2,89,5,1,2,28,2,89,
org.apache.tools.ant.BuildListener 217,4,214,4,174,4,183,4,212,4,211,4,188,4,
org.apache.tools.ant.BuildLogger 397,4,402,4,405,4,401,4,
org.apache.tools.ant.Constants 
org.apache.tools.ant.DefaultLogger 3,3,3,3,3,76,3,24,3,397,4,1,2,402,4,1,2,401,4,1,2,405,4,1,2,217,4,1,2,76,214,4,1,3,118,5,1,2,28,1,2,28,5,1,2,89,1,5,1,2,28,22,1,2,28,43,2,28,291,76,174,4,1,5,1,2,28,26,100,183,4,1,212,4,1,211,4,1,188,4,1,3,235,5,235,1,5,109,1,3,87,109,5,1,3,12,3,20,1,2,96,2,96,2,28,43,4,1,3,3,5,1,6,22,22,1,6,22,
org.apache.tools.ant.DemuxOutputStream 3,3,3,3,3,17,4,2,2,4,1,3,123,3,38,5,1,2,2,36,6,4,1,3,123,2,392,111,4,1,3,5,1,5,1,2,282,1,3,406,2,21,5,16,1,2,282,2,4,1,3,22,406,2,394,2,205,4,1,2,93,4,1,5,16,406,1,2,282,
org.apache.tools.ant.DesirableFilter 393,4,1,5,55,1,6,5,47,55,1,6,5,47,55,1,6,5,13,1,6,5,13,1,6,5,47,1,6,5,13,1,6,5,13,1,6,6,
org.apache.tools.ant.DirectoryScanner 3,3,3,3,3,3,3,3,3,3,3,3,17,4,4,1,6,4,1,5,47,47,1,6,3,3,18,57,1,2,19,51,3,2,18,57,1,2,19,51,3,3,16,3,3,16,18,1,3,33,5,13,1,37,5,216,33,1,6,2,2,5,1,6,5,1,6,1,6,4,1,6,386,4,1,5,47,47,1,6,3,3,18,57,1,2,19,51,3,2,18,57,1,2,19,51,3,3,16,3,3,16,18,1,3,33,5,13,1,37,5,216,33,1,6,2,2,5,1,12,3,1,5,13,33,1,6,6,1,5,1,6,18,1,3,33,5,13,1,37,5,216,33,1,6,2,2,5,1,12,3,1,5,13,33,1,6,6,18,1,3,12,3,1,5,13,33,1,2,37,5,1,2,75,3,3,3,12,3,1,12,3,1,3,33,3,33,5,216,1,75,2,37,5,1,6,2,2,12,3,1,5,13,33,1,6,6,400,4,1,6,216,400,4,1,3,338,3,338,3,3,3,3,3,3,12,3,1,5,1,2,37,5,1,5,1,12,3,1,2,5,1,5,1,5,142,142,1,5,1,18,1,5,1,5,1,5,142,142,1,2,2,5,1,12,3,1,5,1,6,6,18,1,5,1,5,1,5,142,142,1,2,2,5,1,12,3,1,5,1,6,6,18,1,3,12,3,1,5,1,2,37,5,1,2,75,3,3,3,12,3,1,12,3,1,2,5,1,5,1,75,5,142,142,1,75,2,37,5,1,6,2,2,12,3,1,5,1,6,6,177,4,1,2,223,46,46,177,4,1,2,4,1,6,398,4,1,2,194,4,1,5,1,2,1,2,12,3,1,3,2,46,46,5,55,1,2,2,195,4,1,5,1,2,1,2,12,3,1,3,2,46,46,5,55,1,2,2,404,4,1,5,1,7,5,31,1,7,5,49,1,7,5,1,2,2,5,1,2,2,2,2,2,2,2,5,333,1,5,327,1,2,19,1,2,19,1,2,19,2,202,4,1,5,1,6,3,16,2,82,3,16,2,82,12,3,1,5,317,1,2,202,12,3,1,5,317,1,2,202,2,4,1,3,72,5,1,7,23,12,3,1,3,3,5,49,1,5,333,1,5,327,1,2,19,5,1,2,202,1,2,19,5,317,1,2,202,1,2,19,5,317,1,2,202,5,1,2,202,5,229,1,5,333,1,5,327,1,2,19,1,2,19,1,2,19,4,1,12,3,1,5,386,1,6,6,4,1,12,3,1,5,1,6,6,4,1,12,3,1,5,386,1,6,6,408,4,1,3,16,3,12,3,1,2,33,6,4,1,2,334,3,16,3,12,3,1,2,33,6,4,1,2,334,3,16,3,12,3,1,2,33,6,409,4,1,3,16,3,12,3,1,2,33,6,4,1,2,334,3,16,3,12,3,1,2,33,6,4,1,2,334,3,16,3,12,3,1,2,33,6,4,1,3,3,2,5,1,2,42,12,3,1,2,46,46,2,
org.apache.tools.ant.ExitException 3,17,4,2,4,1,6,
org.apache.tools.ant.FileScanner 4,4,4,4,409,4,408,4,4,4,404,4,177,4,177,4,195,4,194,4,398,4,
org.apache.tools.ant.IntrospectionHelper 3,3,3,3,3,3,3,3,17,4,2,2,2,2,2,2,3,12,3,1,3,3,26,3,3,5,155,13,13,13,13,1,75,5,155,13,13,1,75,5,13,13,13,1,2,5,47,13,323,1,3,330,3,5,1,2,36,2,36,5,47,323,384,1,3,330,2,36,2,36,349,4,1,6,50,5,47,13,13,323,384,1,11,1,3,173,3,330,2,36,2,36,349,4,1,3,59,6,2,36,4,1,2,50,9,1,5,47,13,13,323,384,1,11,1,3,173,3,330,2,36,2,36,349,4,1,3,59,2,50,6,9,1,4,1,3,38,5,1,2,2,36,6,4,1,3,38,5,1,3,413,7,11,1,2,9,1,7,9,1,3,124,5,1,7,7,130,4,1,5,1,3,413,7,11,1,2,50,9,1,7,9,1,3,124,5,1,7,7,4,1,3,38,5,1,3,413,7,11,1,3,5,1,2,147,6,9,1,7,9,1,7,9,1,3,124,5,1,7,7,4,1,5,1,6,3,38,5,1,6,11,1,2,9,1,7,9,1,7,9,1,3,124,5,1,7,7,4,1,3,38,5,1,3,26,7,6,4,1,3,38,5,1,3,26,7,6,4,1,6,4,1,6,70,4,1,6,70,4,1,5,13,1,6,101,4,1,2,50,5,13,13,1,6,101,4,1,2,50,53,5,13,1,6,101,4,1,2,50,5,13,1,6,101,4,1,2,50,5,13,1,6,101,4,1,2,50,5,13,1,6,101,4,1,2,50,5,13,1,6,101,4,1,2,50,5,13,1,6,101,4,1,2,50,5,13,13,1,6,101,4,1,2,50,186,5,13,1,6,101,4,1,11,1,2,50,54,9,1,7,5,13,1,6,101,4,1,2,50,56,5,13,1,6,101,4,1,2,50,5,155,1,6,101,4,1,11,1,3,59,2,15,2,50,9,1,7,1,11,1,3,173,6,101,4,1,11,1,3,59,5,1,2,147,2,50,9,1,7,9,1,6,4,1,3,222,3,5,196,52,1,2,198,2,5,196,52,1,2,5,1,3,70,18,25,1,3,27,3,38,5,13,52,1,6,6,26,52,4,1,3,20,6,48,29,349,4,4,101,4,217,4,1,214,4,1,2,226,2,226,2,226,2,226,2,2,226,174,4,1,183,4,1,212,4,1,211,4,1,188,4,1,
org.apache.tools.ant.Launcher 4,1,3,24,3,24,18,57,1,3,51,5,55,1,3,3,86,3,86,6,6,4,1,11,1,3,46,26,3,213,3,283,5,13,1,3,143,5,1,2,29,3,3,86,3,86,6,5,13,1,3,143,5,1,2,29,3,3,283,3,86,3,86,6,9,1,2,89,6,4,1,3,72,393,4,1,6,55,5,1,12,3,1,3,2,395,23,4,1,3,24,5,55,1,2,29,20,2,28,3,5,31,1,2,28,78,1,2,395,23,480,4,1,3,3,236,5,1,2,1,2,5,1,2,28,2,288,2,28,3,2,3,2,3,2,3,2,36,23,11,1,3,106,2,289,3,54,3,65,3,2,50,9,1,2,28,26,52,43,2,89,
org.apache.tools.ant.Location 3,3,3,3,17,4,17,4,17,4,2,2,2,116,4,1,3,5,1,2,10,5,1,2,10,2,10,2,10,6,22,
org.apache.tools.ant.Main 3,3,3,3,3,3,3,3,3,3,3,3,4,1,3,43,5,1,2,28,281,4,1,3,11,1,2,9,1,2,511,2,288,5,1,12,3,70,25,1,3,27,3,24,2,36,11,1,2,2,288,9,1,5,1,2,511,2,288,9,1,2,511,2,288,480,4,1,2,158,17,4,3,12,3,1,3,5,13,1,2,6,5,13,1,2,510,6,5,13,13,1,2,5,13,13,1,2,510,2,5,13,1,2,510,2,5,13,13,1,11,1,3,2,2,2,2,509,2,508,9,1,3,2,28,6,9,1,3,2,28,6,5,13,13,13,1,11,1,2,2,9,1,3,2,28,6,5,13,1,11,1,2,19,2,9,1,3,2,28,6,5,47,1,3,29,20,3,3,34,5,1,2,29,2,29,5,2,2,36,5,13,1,5,1,2,28,6,11,1,2,9,1,2,28,6,5,13,1,2,5,13,1,2,5,13,1,5,1,2,1,2,5,47,1,3,2,28,2,6,1,2,19,5,1,5,1,2,24,1,2,5,31,1,2,28,7,5,49,1,2,28,7,2,4,1,3,23,2,2,86,5,1,2,28,6,4,1,5,1,2,28,3,23,3,18,31,1,2,5,1,7,2,6,4,1,5,1,6,5,1,2,28,3,2,3,11,1,2,3,3,3,11,1,2,509,2,508,2,2,74,2,159,3,70,18,25,1,3,27,3,38,2,159,2,159,23,3,54,2,9,1,7,9,1,7,9,1,7,5,16,1,2,19,507,5,1,2,1,2,509,2,508,5,1,2,2,313,17,4,2,7,17,4,2,7,1,2,3,4,1,2,209,12,3,16,1,3,33,11,1,3,59,54,2,209,9,1,7,3,4,1,3,5,1,11,1,2,59,54,9,1,2,28,7,9,1,2,28,26,52,7,1,2,2,506,2,505,2,504,2,6,3,4,1,3,24,3,2,10,2,10,2,10,2,10,2,10,2,10,2,10,2,10,2,10,2,10,2,10,2,10,2,10,2,10,2,10,2,10,2,28,22,3,4,2,1,2,28,3,3,4,5,1,11,1,3,3,160,2,187,2,30,3,24,3,2,10,2,10,24,2,10,2,10,24,2,22,9,1,7,43,9,1,7,6,3,4,1,5,316,1,2,28,316,3,4,1,3,3,35,3,3,3,3,3,3,18,25,1,2,27,2,26,2,316,5,1,3,2,503,1,3,2,503,2,503,5,20,1,2,20,3,507,3,3,2,19,3,34,5,1,2,2,19,33,2,313,2,313,2,313,3,4,1,3,16,12,3,16,16,1,5,33,1,2,6,3,4,1,3,24,3,18,20,1,2,3,2,10,12,3,16,1,2,10,2,10,33,5,1,2,10,29,20,33,2,10,33,2,10,2,28,22,
org.apache.tools.ant.NoBannerLogger 3,174,4,1,2,26,100,183,4,1,2,188,4,1,5,235,43,13,64,43,1,6,5,1,2,28,2,2,
org.apache.tools.ant.PathTokenizer 3,3,3,17,4,2,2,4,1,5,1,6,6,57,4,1,3,5,1,2,2,1,2,64,51,5,20,257,53,57,1,3,64,51,5,47,47,1,2,1,2,6,
org.apache.tools.ant.Project 3,3,3,3,3,3,3,3,3,3,3,3,3,3,3,3,3,3,3,3,3,3,3,3,3,3,3,3,3,3,1,11,1,2,2,54,2,2,54,2,2,54,2,2,54,2,9,1,3,17,4,2,232,134,4,1,2,3,11,1,3,3,160,52,5,1,7,2,187,2,30,3,502,18,25,1,3,27,3,24,11,1,3,54,2,315,9,1,9,1,9,1,7,3,11,1,3,3,160,52,5,1,7,2,187,2,30,3,502,18,25,1,3,27,3,24,11,1,3,54,2,501,9,1,9,1,9,1,7,2,500,4,1,2,4,1,6,4,1,2,19,4,1,2,4,1,6,139,4,1,2,8,139,4,1,2,328,139,4,1,2,328,139,4,1,2,328,4,1,6,200,4,1,5,38,1,2,8,6,2,8,2,36,4,1,2,8,2,36,2,36,4,1,5,6,3,38,6,4,1,5,6,3,38,6,4,1,6,4,1,6,4,1,2,4,1,6,4,1,2,110,4,1,2,159,2,122,4,1,6,331,4,1,2,332,4,1,6,499,4,1,5,1,6,2,4,1,6,177,4,1,2,498,4,1,2,496,23,5,31,7,23,5,49,7,23,2,2,104,78,3,2,8,4,1,5,1,11,1,2,223,9,1,2,89,6,4,1,6,4,1,2,104,5,1,7,2,8,24,2,8,24,481,4,1,3,99,3,70,18,25,1,3,27,3,22,38,2,104,22,4,1,3,26,2,8,2,36,4,1,6,4,1,3,26,2,8,2,36,4,1,6,4,1,3,26,5,38,1,7,2,495,4,1,5,38,1,7,2,495,4,1,2,495,26,4,1,3,2,8,2,147,2,36,4,1,6,4,1,3,38,5,6,11,1,3,59,3,5,1,2,1,3,2,494,2,2,147,2,2,178,3,2,8,6,9,1,3,7,4,1,3,38,5,6,11,1,3,3,11,1,2,173,2,9,1,2,173,52,2,3,5,1,2,59,1,2,59,5,1,2,147,3,2,8,6,9,1,3,124,3,7,9,1,3,7,4,1,3,12,3,16,1,2,33,4,1,3,38,123,5,1,2,328,1,5,1,2,262,1,2,266,4,1,5,1,3,7,3,3,3,113,1,2,33,2,13,26,307,4,1,6,56,307,4,1,6,56,4,1,5,20,1,6,3,20,3,18,57,1,3,51,2,46,2,46,5,20,1,2,10,2,10,6,22,94,4,1,2,83,94,4,1,2,83,94,4,1,2,83,94,4,1,2,83,94,4,1,2,83,94,4,1,2,83,94,4,1,2,83,94,4,1,2,83,4,1,5,68,1,2,8,6,2,309,2,8,4,1,6,41,41,41,4,1,3,3,3,2,493,2,8,12,3,70,25,1,3,27,3,38,5,1,2,493,5,1,7,2,8,6,4,1,2,36,2,108,3,38,5,1,3,2,10,2,10,2,162,5,280,1,3,492,2,10,2,10,2,10,7,12,3,25,1,3,27,3,38,5,1,2,493,5,1,7,3,162,5,1,7,2,36,2,19,4,1,3,2,10,3,113,1,2,162,2,10,2,10,13,6,4,1,5,38,1,2,8,2,8,2,36,4,1,6,4,1,3,12,3,16,1,3,33,2,4,1,3,2,491,12,3,16,1,3,33,2,4,1,3,12,3,16,1,3,33,2,4,1,3,2,491,12,3,16,1,3,33,2,4,1,2,36,123,3,12,3,16,1,3,33,2,4,1,2,392,123,2,93,2,93,3,2,491,12,3,16,1,3,33,2,4,1,2,12,3,16,1,3,33,2,490,4,1,3,2,489,490,4,1,3,2,489,490,4,1,3,2,489,
org.apache.tools.ant.ProjectComponent 3,368,4,1,2,251,4,1,6,139,4,1,2,8,139,4,1,5,1,2,8,
org.apache.tools.ant.ProjectHelper 3,3,3,3,3,3,4,1,2,234,17,4,2,2,23,2,86,488,4,1,3,3,11,1,3,2,3,46,23,12,3,34,34,1,2,29,29,2,2,2,272,2,8,2,234,9,1,7,9,1,3,22,3,118,5,1,3,5,66,1,2,120,7,7,43,9,1,3,118,5,1,7,7,43,9,1,7,9,1,7,1,5,1,11,1,2,30,9,1,3,17,4,2,2,215,4,1,7,365,4,1,3,64,5,20,1,7,4,1,4,1,2,2,4,1,2,8,5,47,1,3,29,3,34,18,1,2,29,29,2,34,3,2,34,18,1,2,29,29,2,34,3,5,1,2,11,1,3,2,272,6,9,1,2,8,23,6,215,4,1,5,13,1,2,74,1,7,4,1,2,17,4,134,4,1,3,3,3,3,12,3,268,1,3,26,3,44,5,13,1,2,5,13,1,2,5,13,1,2,5,13,1,2,1,7,26,5,1,7,2,5,1,2,69,2,230,5,2,230,5,24,1,2,223,24,1,5,1,2,223,23,1,5,1,2,223,1,2,498,56,215,4,1,5,13,1,2,5,13,1,2,5,13,1,2,5,38,198,1,2,1,7,4,1,2,74,4,1,2,74,4,1,2,74,4,1,2,74,3,17,4,134,4,1,3,3,3,3,3,3,12,3,268,1,3,26,3,44,5,13,1,2,5,13,1,2,5,13,1,2,5,13,1,2,5,13,1,2,5,13,1,2,1,7,5,1,7,2,2,69,2,2,2,487,2,5,13,2,230,5,20,1,2,215,4,1,5,38,198,1,2,74,1,2,74,3,3,3,3,17,4,2,2,134,4,1,11,1,2,144,9,1,5,1,2,2,147,2,2,178,2,120,22,2,486,5,1,2,218,2,2,74,2,2,485,1,2,74,2,373,4,1,5,1,2,67,365,4,1,5,1,11,1,2,90,9,1,7,43,1,2,90,215,4,1,5,1,2,74,1,2,74,3,3,3,3,3,17,4,5,1,2,375,1,2,2,2,134,4,1,3,52,3,233,11,1,5,1,2,48,2,1,2,219,48,2,486,5,1,2,2,485,2,1,2,373,2,48,9,1,7,43,365,4,1,5,1,11,1,2,90,9,1,7,43,1,2,90,215,4,1,5,1,2,74,1,2,74,3,3,3,17,4,17,4,2,134,4,1,11,1,2,5,1,7,5,1,2,2,485,2,1,2,373,2,486,9,1,7,43,365,4,1,11,1,2,90,9,1,7,43,215,4,1,2,74,4,1,5,2,375,3,233,52,2,209,12,3,268,1,3,153,44,99,11,1,2,152,48,26,9,1,5,13,26,1,7,130,4,1,2,90,130,4,1,5,20,64,1,6,5,2,375,2,90,233,52,4,1,3,233,52,2,4,1,5,1,6,3,3,2,3,3,35,3,35,18,25,1,3,27,5,1,3,27,5,207,1,2,8,2,207,38,2,10,6,22,4,1,3,3,18,34,1,5,1,2,19,29,5,20,1,2,19,2,5,53,1,2,19,29,2,1,3,34,5,1,7,3,29,2,19,2,19,2,5,20,1,2,19,29,4,1,5,1,2,59,6,4,1,3,44,5,1,2,230,
org.apache.tools.ant.RuntimeConfigurable 3,3,3,3,3,17,4,2,2,4,1,2,4,1,2,4,1,6,4,1,2,19,4,1,6,33,130,4,1,2,10,130,4,1,2,90,4,1,6,484,4,1,3,5,1,2,373,2,44,2,5,20,1,2,90,22,2,107,3,35,18,25,1,3,27,2,220,2,48,5,1,2,230,
org.apache.tools.ant.Target 3,3,3,3,3,3,3,368,4,1,2,251,4,1,6,4,1,5,20,1,3,18,57,1,3,64,51,5,13,13,1,7,26,2,5,57,1,2,51,5,57,13,1,7,26,110,4,1,2,122,4,1,6,381,4,1,2,19,4,1,2,19,4,1,3,16,3,35,18,25,1,3,27,5,1,2,19,3,16,2,82,6,4,1,2,19,4,1,6,35,4,1,2,4,1,2,331,4,1,2,332,4,1,6,116,4,1,6,32,4,1,5,1,3,35,18,25,1,3,27,5,1,3,2,483,1,3,2,220,5,1,2,8,1,2,8,4,1,11,1,2,2,67,2,9,1,2,7,4,1,3,18,34,1,2,482,4,1,5,13,1,6,3,153,60,99,60,6,24,4,1,5,13,1,6,3,153,60,99,60,6,24,
org.apache.tools.ant.Task 3,3,3,3,3,3,4,1,2,4,1,6,4,1,2,4,1,6,4,1,2,331,4,1,2,332,4,1,6,134,4,1,32,4,1,4,1,6,253,4,1,2,4,1,5,1,2,87,6,4,1,2,484,4,1,5,1,2,220,383,4,1,2,8,382,4,1,2,8,139,4,1,2,8,139,4,1,2,8,4,1,11,1,2,2,220,2,67,2,9,1,5,1,3,5,66,1,2,120,66,2,7,
org.apache.tools.ant.TaskAdapter 3,32,4,1,3,11,1,3,52,2,65,5,1,2,50,9,1,2,8,52,7,3,11,1,3,52,2,65,5,1,2,8,52,7,52,2,50,6,9,1,2,8,52,7,4,1,2,4,1,6,
org.apache.tools.ant.TaskContainer 381,4,
org.apache.tools.ant.UnknownElement 3,3,3,17,4,2,4,1,6,484,4,1,2,2,494,2,2,2,220,2,32,4,1,5,1,7,2,67,4,1,2,19,4,1,5,1,2,375,3,52,3,233,12,3,16,1,3,3,33,3,5,1,2,2,1,2,219,2,494,5,1,2,2,5,1,2,220,4,1,3,144,5,1,2,8,7,2,120,66,3,44,512,5,1,2,230,2,218,2,74,6,4,1,6,87,87,
org.apache.tools.ant.XmlLogger 3,4,1,11,1,6,59,9,1,7,3,3,3,3,3,3,3,3,3,3,3,3,3,3,3,3,17,4,217,4,1,2,2,76,2,2,219,214,4,1,3,76,2,152,291,5,118,1,2,152,22,118,11,1,3,24,60,5,1,2,3,2,21,2,21,2,21,2,93,2,30,9,1,7,2,4,1,3,38,123,5,1,2,2,36,123,6,174,4,1,3,100,3,2,76,2,219,2,152,26,2,36,2,108,352,183,4,1,3,100,3,38,5,1,3,76,2,152,291,3,3,352,5,280,1,3,162,5,1,7,5,280,1,2,492,5,1,2,204,1,2,204,212,4,1,3,109,3,2,76,2,219,3,87,109,2,152,2,152,22,66,109,2,36,2,108,352,211,4,1,3,109,3,38,5,1,3,76,2,152,291,3,367,3,38,5,1,2,204,1,2,204,3,352,5,280,1,3,162,5,1,7,188,4,1,3,219,3,157,235,2,37,2,37,2,37,2,37,2,152,3,43,2,204,3,3,109,3,100,5,1,2,38,5,1,2,38,5,1,3,38,123,5,1,5,280,1,2,492,5,1,2,204,1,2,204,
org.apache.tools.ant.listener.Log4jListener 3,3,17,4,2,3,151,3,5,1,2,1,2,224,217,4,1,5,1,3,151,26,2,210,214,4,1,5,1,3,151,26,5,118,1,2,210,1,2,224,118,174,4,1,5,1,3,151,26,2,210,26,100,183,4,1,5,1,3,26,100,3,151,26,5,118,1,2,210,26,100,1,2,224,26,100,118,212,4,1,5,1,3,109,3,151,26,52,2,210,87,211,4,1,5,1,3,109,3,151,26,52,5,118,1,2,210,87,1,2,224,87,118,188,4,1,5,1,3,109,5,1,2,100,5,1,2,60,3,151,26,52,157,235,2,224,43,37,2,43,37,2,210,43,37,2,43,37,2,43,37,2,224,43,37,
org.apache.tools.ant.taskdefs.Ant 3,3,3,3,3,3,3,4,1,2,134,4,1,2,2,2,315,38,222,4,1,2,74,12,3,16,1,3,33,3,144,2,69,26,5,44,1,2,15,44,5,283,1,2,91,283,5,213,1,2,213,2,482,4,1,3,12,3,16,1,2,209,33,5,1,11,1,3,3,2,506,2,505,2,504,2,209,9,1,2,8,3,222,3,70,18,25,1,3,27,3,38,2,315,3,198,3,70,18,25,1,3,27,3,38,2,501,3,5,1,2,99,1,2,2,500,2,70,18,25,1,3,27,3,38,5,1,2,104,1,2,159,383,4,1,5,1,2,394,1,2,266,382,4,1,5,1,2,394,1,2,262,32,4,1,11,1,5,1,2,5,1,2,115,2,2,498,2,159,23,3,35,18,25,1,3,27,2,67,5,1,2,3,56,232,2,23,2,159,2,5,1,2,507,5,13,115,115,13,24,24,367,13,26,367,1,7,2,1,2,125,4,1,2,4,1,2,513,4,1,2,170,4,1,2,4,1,5,1,2,3,144,2,159,2,19,6,
org.apache.tools.ant.taskdefs.AntStructure 3,24,3,3,3,3,3,170,4,1,2,32,4,1,5,1,7,3,11,1,11,1,2,9,1,2,2,70,222,70,198,2,3,70,198,18,25,1,3,27,2,514,38,198,3,70,222,18,25,1,3,27,2,514,38,222,2,9,1,7,23,1,5,1,2,30,4,1,2,28,2,28,2,96,3,18,25,1,3,27,5,1,2,96,1,2,2,96,2,28,2,96,2,18,25,1,3,27,5,1,2,96,1,2,2,96,2,28,2,28,2,96,2,96,2,28,2,28,2,28,2,28,2,28,2,28,4,1,2,96,2,96,2,96,2,96,2,28,2,28,2,28,2,28,2,28,2,28,2,28,2,28,2,28,2,28,4,1,5,207,1,6,2,36,3,11,1,2,233,9,1,6,3,2,10,10,5,13,1,2,10,10,2,10,10,2,10,10,2,10,10,2,10,10,2,28,6,3,5,1,2,19,5,155,1,2,19,3,18,25,1,2,19,27,5,171,1,2,10,1,2,10,12,3,16,1,5,1,2,10,2,10,33,2,10,5,16,13,33,1,2,10,2,10,2,28,2,107,2,10,10,2,10,10,2,512,18,25,1,3,27,5,13,75,2,10,10,10,10,3,5,13,13,1,2,10,10,5,155,1,2,10,5,155,1,11,1,3,59,3,5,1,2,10,1,2,10,12,3,1,5,1,2,10,2,10,2,10,9,1,2,10,9,1,2,10,1,2,10,2,10,2,10,10,2,28,12,3,16,1,3,33,5,13,13,13,1,2,514,4,1,4,1,12,3,20,1,3,53,5,1,6,6,4,1,12,3,1,5,1,6,6,
org.apache.tools.ant.taskdefs.Available 3,3,3,3,3,3,3,3,3,133,4,1,2,10,103,141,4,1,5,1,2,6,73,145,4,1,2,80,103,4,1,2,10,4,1,5,1,2,6,73,200,4,1,2,112,4,1,2,221,4,1,5,13,1,2,114,4,1,2,545,4,1,2,515,4,1,2,32,4,1,5,1,7,5,231,1,2,104,164,4,1,5,1,7,5,1,5,41,41,1,7,5,1,2,147,2,5,1,2,8,6,5,1,2,8,6,5,1,2,8,6,5,1,2,390,6,4,1,5,1,6,1,3,72,12,3,1,2,8,5,229,26,1,6,6,4,1,5,1,5,41,1,6,49,5,41,1,6,229,6,31,4,1,5,1,6,160,1,3,236,52,5,1,6,160,1,6,385,4,1,11,1,5,1,2,106,1,3,236,52,5,1,2,106,1,2,54,6,9,1,6,9,1,6,
org.apache.tools.ant.taskdefs.CallTarget 3,3,3,3,4,1,2,134,4,1,2,144,2,218,2,178,87,2,120,2,74,2,32,4,1,5,1,2,74,5,1,7,2,98,115,2,24,2,2,2,67,348,4,1,6,513,4,1,2,383,4,1,5,1,2,266,1,2,266,382,4,1,5,1,2,262,1,2,262,
org.apache.tools.ant.taskdefs.Chmod 3,3,3,17,4,2,95,2,2,114,4,1,3,2,98,86,2,69,140,26,2,97,125,4,1,2,98,4,1,2,15,85,2,287,4,1,2,6,140,286,4,1,2,6,167,353,4,1,2,6,544,194,4,1,2,2,126,195,4,1,2,2,227,301,4,1,2,2,355,543,4,1,5,1,7,5,84,1,2,97,2,542,32,4,1,5,84,1,2,67,5,541,1,2,15,85,78,84,3,11,1,2,121,77,2,358,9,1,7,1,2,228,540,4,1,7,360,4,1,7,4,1,7,4,1,6,13,24,47,24,55,24,541,
org.apache.tools.ant.taskdefs.CompileTask 3,4,1,3,2,19,6,134,4,1,2,8,2,8,12,3,35,25,1,3,27,3,46,539,3,140,2,69,2,74,2,67,12,3,35,25,1,3,27,2,74,32,4,1,
org.apache.tools.ant.taskdefs.ConditionTask 3,3,200,4,1,2,112,4,1,2,32,4,1,5,302,1,7,5,302,1,7,3,27,362,5,231,1,2,104,60,
org.apache.tools.ant.taskdefs.Copy 3,3,3,3,3,3,3,3,3,3,3,3,17,4,2,232,4,1,6,114,4,1,2,4,1,2,4,1,2,4,1,3,2,19,6,4,1,2,186,4,1,6,363,4,1,2,538,4,1,2,4,1,2,192,4,1,5,1,2,1,2,4,1,2,169,4,1,2,19,537,4,1,5,1,7,2,6,32,4,1,2,5,1,5,31,1,5,1,2,26,5,45,45,1,2,36,23,23,1,2,8,1,3,23,2,8,7,12,3,16,1,3,33,3,61,3,84,3,79,3,132,2,2,5,1,2,4,1,5,16,1,7,5,1,7,5,1,7,5,31,49,1,7,5,16,1,7,5,1,404,4,1,3,5,1,2,298,5,1,2,1,2,2,5,1,2,4,1,3,5,1,3,12,3,1,5,299,1,2,19,2,16,2,82,1,3,2,166,12,3,1,3,3,299,2,36,23,23,4,1,5,16,1,2,8,16,16,23,3,70,18,25,1,3,27,3,38,5,13,1,2,8,75,11,1,2,8,3,5,1,2,300,361,12,3,35,25,1,2,300,27,2,83,9,1,3,43,7,5,1,3,35,3,18,25,1,3,27,5,31,1,5,135,1,2,8,23,1,2,5,1,2,8,23,
org.apache.tools.ant.taskdefs.Copydir 3,3,3,3,3,3,117,4,1,2,149,4,1,2,363,4,1,2,4,1,2,4,1,2,32,4,1,2,8,5,1,7,5,31,1,7,22,5,1,7,5,13,1,2,8,3,61,3,79,2,292,5,16,1,2,8,16,16,23,3,70,18,25,1,3,27,3,38,11,1,2,83,9,1,3,43,7,359,4,1,12,3,1,3,3,3,5,1,2,26,1,2,5,45,45,1,2,36,23,23,
org.apache.tools.ant.taskdefs.Copyfile 3,3,3,3,117,4,1,2,4,1,2,149,4,1,2,363,4,1,2,186,32,4,1,2,8,5,1,7,5,31,1,7,22,5,1,7,5,13,1,2,8,5,45,45,1,11,1,2,83,9,1,3,23,43,7,
org.apache.tools.ant.taskdefs.Cvs 3,3,3,3,3,3,3,3,3,3,3,3,32,4,1,3,2,95,5,1,2,15,14,2,15,14,5,1,2,15,14,5,1,2,15,14,2,290,14,2,77,5,1,2,290,14,3,5,1,3,2,2,15,2,357,5,1,3,2,2,15,2,357,3,3,3,5,1,2,1,5,1,11,1,2,9,1,7,1,2,5,1,11,1,2,9,1,7,1,2,2,3,2,197,5,2,115,2,243,2,121,77,2,356,11,1,3,67,5,7,9,1,7,1,5,1,11,1,2,30,9,1,5,1,11,1,2,30,9,1,4,1,5,1,5,13,64,2,2,4,1,2,4,1,2,149,4,1,2,4,1,2,4,1,5,20,64,1,2,15,14,2,15,14,4,1,5,20,64,1,2,15,14,2,15,14,360,4,1,2,536,4,1,2,4,1,2,170,4,1,2,4,1,2,535,4,1,2,
org.apache.tools.ant.taskdefs.CVSPass 3,3,3,3,24,3,17,4,2,24,32,4,1,5,7,5,7,2,8,2,8,2,8,11,1,3,5,31,1,3,3,18,92,1,5,47,1,2,10,2,30,3,22,2,8,3,2,28,2,30,9,1,7,4,1,3,12,3,20,1,2,10,53,6,22,4,1,2,4,1,2,4,1,2,
org.apache.tools.ant.taskdefs.Definer 3,3,3,3,3,3,4,1,2,2,8,133,4,1,5,1,2,1,2,10,141,4,1,5,1,2,6,73,145,4,1,2,80,103,32,4,1,3,5,1,5,1,3,87,7,2,534,1,11,1,5,1,3,7,5,1,3,7,3,3,5,1,2,8,2,5,1,2,8,5,1,2,8,2,160,5,1,2,8,5,1,2,187,3,70,18,25,1,3,27,3,24,2,534,9,1,7,354,4,1,11,1,3,106,2,289,2,534,9,1,3,87,7,9,1,3,87,7,4,1,3,5,1,2,1,2,2,399,6,114,4,1,2,545,4,1,2,110,4,1,2,533,4,1,6,221,4,1,2,354,4,
org.apache.tools.ant.taskdefs.Delete 3,3,3,3,3,3,3,114,4,1,2,125,4,1,2,192,4,1,5,1,2,1,2,536,4,1,2,5,1,2,535,4,1,2,4,1,2,169,4,1,2,19,287,4,1,2,6,140,286,4,1,2,6,167,353,4,1,2,6,544,194,4,1,2,2,126,195,4,1,2,2,227,301,4,1,2,2,355,339,4,1,2,2,532,350,4,1,2,2,531,32,4,1,5,1,2,8,5,16,1,7,5,1,7,5,1,5,31,1,5,49,1,2,8,23,1,2,8,23,5,62,1,3,23,5,7,2,8,1,2,8,23,5,31,49,1,5,1,2,8,23,2,347,12,3,16,1,3,33,11,1,3,61,3,79,3,132,2,84,9,1,5,1,7,1,2,8,43,5,1,11,1,3,61,3,79,3,132,2,9,1,5,1,7,1,2,8,43,4,1,3,72,5,2,12,3,1,3,3,5,49,1,2,347,1,2,8,23,5,62,1,3,23,5,7,2,8,2,8,23,5,62,1,3,23,5,7,2,8,4,1,5,1,2,8,23,12,3,1,3,2,8,23,5,62,1,3,23,5,7,2,8,5,1,3,12,3,1,3,3,72,5,1,2,8,23,5,62,1,3,23,5,7,2,8,1,2,5,1,2,8,23,
org.apache.tools.ant.taskdefs.Deltree 3,125,4,1,2,32,4,1,2,8,5,1,7,5,31,1,5,49,1,5,62,1,7,23,6,2,8,23,11,1,2,347,9,1,3,23,7,4,1,3,72,12,3,1,3,3,5,49,1,2,347,1,5,62,1,7,23,5,62,1,7,23,
org.apache.tools.ant.taskdefs.DependSet 3,3,3,3,17,4,4,1,2,19,4,1,2,19,4,1,2,19,4,1,2,19,32,4,1,5,16,16,1,7,5,16,16,1,7,3,102,3,48,24,5,34,1,2,3,3,35,18,25,1,3,27,3,61,3,79,12,3,1,3,84,2,19,5,45,1,2,8,3,3,35,18,25,1,3,27,3,247,12,3,1,3,84,5,31,1,2,8,2,75,1,2,19,5,45,1,2,8,5,1,3,35,18,25,1,3,27,3,61,3,79,3,113,1,3,84,5,45,1,2,8,3,35,18,25,1,3,27,5,45,45,1,2,8,78,2,5,1,3,35,18,25,1,3,27,3,247,3,113,1,3,84,5,45,1,2,8,5,31,1,2,8,2,37,3,35,18,25,1,3,27,5,45,45,1,2,8,78,2,5,1,2,8,12,3,35,25,1,3,27,2,8,23,2,62,
org.apache.tools.ant.taskdefs.Ear 3,3,17,4,2,2,4,1,2,530,4,1,2,5,31,7,3,2,98,86,2,126,26,2,2,97,4,1,2,8,2,295,2,97,345,4,1,5,1,7,2,344,165,4,1,5,41,1,5,13,1,2,8,1,2,105,2,1,2,105,297,4,1,2,2,296,
org.apache.tools.ant.taskdefs.Echo 3,3,3,32,4,1,5,1,2,8,1,3,11,1,2,23,2,21,20,9,1,7,1,5,1,11,1,2,30,9,1,366,4,1,2,114,4,1,2,4,1,2,130,4,1,2,153,99,4,1,3,44,5,13,1,2,5,13,1,2,5,13,1,2,5,13,1,2,1,2,128,4,1,6,
org.apache.tools.ant.taskdefs.Exec 3,3,3,3,3,3,3,32,4,1,2,343,172,4,1,3,24,2,8,5,34,1,2,8,6,5,2,115,5,34,48,1,5,13,56,1,5,34,48,1,2,1,3,24,5,1,7,3,22,56,2,1,3,24,5,7,3,22,56,2,11,1,2,8,3,129,342,5,1,2,2,8,3,238,3,2,158,2,158,2,529,2,278,2,278,2,528,2,228,2,527,5,1,5,1,7,1,2,8,9,1,7,9,1,6,125,4,1,2,56,4,1,2,360,4,1,2,170,4,1,2,279,4,1,2,4,1,5,1,2,8,1,2,28,526,4,1,5,2,30,3,3,3,3,3,17,4,2,2,2,4,1,3,5,1,3,92,5,1,2,1,2,172,4,1,11,1,11,1,18,1,2,2,525,9,1,2,30,9,1,
org.apache.tools.ant.taskdefs.ExecTask 3,24,3,3,3,3,3,3,3,3,3,3,3,3,4,1,2,540,4,1,2,95,125,4,1,2,4,1,2,360,4,1,2,8,2,170,4,1,2,4,1,2,279,4,1,2,4,1,2,4,1,2,357,4,1,6,14,32,4,1,2,542,5,541,1,2,543,4,1,5,364,1,7,5,31,1,7,5,49,1,7,4,1,3,24,2,8,5,34,1,2,8,6,6,4,1,2,4,1,5,2,115,2,8,22,3,2,197,2,243,2,3,356,5,1,12,3,1,2,8,2,2,6,4,1,2,67,5,1,5,1,7,1,2,8,5,1,3,22,3,3,18,92,1,5,20,1,2,10,2,10,2,104,22,4,1,2,121,77,11,1,2,358,9,1,7,1,2,228,4,1,5,1,11,1,2,2,8,6,9,1,7,9,1,7,5,1,2,2,8,6,1,6,4,1,5,6,6,526,4,1,11,1,5,2,30,5,2,30,9,1,
org.apache.tools.ant.taskdefs.Execute 3,3,3,3,3,3,3,3,3,3,3,24,3,3,3,1,11,1,2,9,1,3,48,24,5,34,1,2,5,34,1,2,5,34,1,3,5,47,24,1,2,1,2,5,34,34,1,2,1,2,1,2,4,1,5,6,2,11,1,3,3,2,121,2,3,67,5,1,3,22,3,3,3,24,18,92,1,5,34,1,5,1,2,1,2,1,5,1,2,19,2,2,19,9,1,2,89,6,4,1,3,48,24,5,34,1,11,1,3,24,3,248,29,34,5,1,3,6,9,1,3,6,5,34,1,3,6,5,34,1,5,34,34,1,3,6,1,3,6,1,3,6,17,4,17,4,17,4,2,2,255,4,1,6,4,1,2,4,1,2,4,1,5,6,6,4,1,2,4,1,5,13,23,2,2,4,1,2,4,1,2,32,4,1,3,5,1,2,3,129,77,11,1,2,2,238,2,9,1,2,528,7,2,158,5,2,158,2,529,5,2,524,2,524,5,2,6,4,1,11,1,2,529,2,527,9,1,4,1,2,4,1,6,4,1,3,127,12,3,1,3,34,3,29,3,16,12,3,1,5,47,33,1,2,37,2,19,3,16,2,82,6,4,1,11,1,2,8,22,3,2,197,60,2,121,3,67,5,1,7,66,9,1,7,66,168,4,1,5,1,2,8,22,6,129,342,168,4,1,5,1,6,129,7,168,4,1,3,12,3,1,2,5,1,2,8,22,6,129,342,17,4,2,65,168,4,1,11,1,5,1,2,8,22,3,6,50,342,9,1,3,124,5,1,7,5,1,7,1,7,9,1,7,3,17,4,2,168,4,1,6,129,3,17,4,168,4,1,3,5,1,5,1,2,115,1,6,129,3,3,2,2,2,2,2,23,2,2,42,6,129,17,4,168,4,1,5,1,6,129,2,36,99,23,11,1,6,129,1,2,36,99,17,4,2,168,4,1,5,1,5,1,6,129,7,3,24,5,1,7,3,22,56,3,5,1,2,115,3,2,2,23,2,42,6,129,3,
org.apache.tools.ant.taskdefs.ExecuteJava 3,3,3,4,1,2,133,4,1,2,481,4,1,2,170,4,1,32,4,1,3,364,3,150,3,11,1,5,1,2,3,54,3,5,1,2,54,1,2,2,2,2,2,289,3,65,2,50,9,1,7,9,1,7,9,1,3,124,5,1,7,1,7,9,1,7,1,5,1,2,2,390,5,1,2,
org.apache.tools.ant.taskdefs.ExecuteOn 3,3,3,3,3,3,3,3,3,3,169,4,1,2,19,4,1,2,515,4,1,2,44,4,1,2,149,4,1,2,4,1,5,1,7,2,6,4,1,5,1,7,2,2,6,537,4,1,5,1,7,2,6,543,4,1,5,13,1,2,8,2,542,5,16,1,7,5,1,5,1,7,5,1,7,2,298,4,1,11,1,3,3,12,3,16,1,3,33,3,84,3,61,5,13,1,3,247,12,3,1,2,19,2,19,5,13,1,3,12,3,1,2,19,2,19,5,16,1,2,8,75,5,1,3,16,2,82,12,3,1,3,77,2,8,22,2,121,2,358,2,154,2,154,5,1,3,16,2,82,3,16,2,82,3,77,2,8,22,2,121,2,358,9,1,7,1,2,228,255,4,1,3,5,1,3,12,3,1,3,299,5,1,12,3,1,3,23,5,196,1,2,19,2,36,3,16,2,82,3,77,3,3,5,1,2,5,1,3,5,1,2,42,2,42,2,42,2,42,1,2,42,2,42,2,42,2,42,2,2,42,2,42,12,3,1,2,23,6,255,4,1,6,77,523,4,1,5,1,3,6,166,79,1,6,79,4,1,5,1,3,6,166,132,1,6,132,128,4,1,6,
org.apache.tools.ant.taskdefs.ExecuteStreamHandler 522,4,521,4,520,4,281,4,256,4,
org.apache.tools.ant.taskdefs.ExecuteWatchdog 3,3,3,3,3,17,4,5,1,7,2,281,4,1,5,1,7,5,1,7,2,2,2,2,3,2,2,158,256,4,1,2,2,172,4,1,11,1,3,76,3,18,76,1,11,1,2,9,1,11,1,2,527,9,1,5,1,2,2,528,9,1,2,1,2,296,297,4,1,2,2,4,1,5,1,7,43,4,1,6,4,1,6,
org.apache.tools.ant.taskdefs.Exit 3,366,4,1,2,32,4,1,5,20,1,7,1,7,130,4,1,2,153,99,
org.apache.tools.ant.taskdefs.Expand 3,32,4,1,5,13,1,2,8,3,144,2,218,2,178,87,2,120,66,5,1,7,5,1,7,5,49,1,3,61,3,79,12,3,1,3,2,1,2,4,1,3,11,1,2,8,2,3,18,380,1,3,519,26,11,1,5,31,45,102,1,2,8,75,2,8,26,3,86,2,135,5,49,1,2,135,1,3,3,3,18,63,1,2,21,2,30,5,68,1,2,91,2,378,102,2,208,9,1,2,8,78,2,8,9,1,7,78,1,5,1,11,1,2,30,9,1,149,4,1,2,117,4,1,2,538,4,1,2,
org.apache.tools.ant.taskdefs.Filter 3,3,3,377,4,1,2,112,4,1,2,4,1,2,32,4,1,3,3,5,1,7,5,1,2,361,5,1,2,4,1,2,8,2,518,361,
org.apache.tools.ant.taskdefs.FixCRLF 3,3,3,3,3,3,3,3,3,3,3,3,3,3,3,3,3,3,3,3,3,3,3,3,3,3,3,3,3,17,4,2,5,13,24,1,2,5,34,24,1,2,2,1,2,2,1,2,2,2,4,1,2,379,4,1,2,4,1,2,4,1,3,44,5,13,1,2,5,13,1,2,2,5,13,1,2,2,1,2,2,4,1,2,8,2,8,3,44,3,5,13,1,2,15,5,13,1,2,15,1,2,15,2,4,1,3,44,5,13,1,2,5,13,1,2,1,2,4,1,5,1,7,2,3,12,3,1,2,10,2,22,4,1,3,44,5,13,1,2,5,13,1,2,1,2,32,4,1,5,1,7,5,31,1,7,5,49,1,7,5,1,5,31,1,7,5,49,1,7,2,8,3,61,3,79,12,3,1,2,517,4,1,3,263,76,5,1,6,1,6,4,1,3,3,3,3,3,5,20,20,1,6,11,1,2,2,18,63,1,2,63,12,3,1,5,1,2,30,2,30,6,2,30,2,30,9,1,7,4,1,3,3,3,3,3,11,1,11,1,2,516,3,2,9,1,7,18,25,1,3,11,1,2,27,9,1,7,3,3,20,5,1,11,1,2,21,9,1,7,3,18,175,1,157,497,2,376,20,37,5,34,175,1,2,185,1,2,2,376,37,2,376,20,2,185,37,3,175,3,497,2,18,175,1,5,1,2,374,374,1,2,11,1,2,21,29,175,9,1,7,2,185,37,2,2,376,37,11,1,2,21,9,1,7,11,1,5,1,2,21,5,1,2,21,2,30,9,1,7,3,11,1,2,30,2,9,1,7,5,31,1,2,8,5,1,2,8,5,62,1,7,5,206,1,7,2,8,5,62,1,7,2,8,5,206,1,7,2,1,11,1,5,1,2,30,9,1,2,8,5,1,2,62,4,1,3,20,3,175,18,1,157,240,2,185,2,241,6,2,185,2,241,6,5,1,5,240,1,2,185,2,241,6,5,240,1,2,185,2,241,6,37,2,241,4,1,3,175,3,20,3,18,1,5,240,1,2,1,5,1,2,241,6,7,4,1,3,3,3,3,29,175,2,107,18,34,1,2,2,2,10,29,2,2,2,10,29,20,3,22,5,1,11,1,2,21,9,1,7,3,2,107,2,2,374,3,2,5,1,2,10,29,2,2,12,20,1,12,53,1,5,1,2,10,29,2,10,1,2,10,29,2,2,10,29,20,11,1,2,21,22,9,1,7,2,374,20,2,3,3,3,3,3,17,4,11,1,2,2,9,1,7,4,1,3,3,2,107,11,1,3,2,479,2,92,5,1,2,1,2,20,2,182,2,430,2,479,2,63,157,2,2,10,157,63,5,63,1,2,2,10,37,2,2,10,37,37,2,2,10,37,2,182,2,430,5,1,3,18,53,1,5,1,2,10,29,2,29,9,1,7,4,1,6,22,4,1,6,4,1,2,410,4,1,6,411,4,1,5,25,1,7,3,22,2,6,205,4,1,5,1,2,30,3,3,3,3,3,17,4,2,2,2,2,4,1,6,4,1,2,4,1,6,4,1,2,4,1,6,53,4,1,6,240,4,1,6,240,4,1,6,4,1,2,4,1,6,4,1,6,20,4,1,6,20,4,1,6,4,1,6,4,1,6,29,4,1,6,29,4,1,2,185,4,1,6,497,128,4,1,6,128,4,1,6,
org.apache.tools.ant.taskdefs.GenerateKey 3,3,110,4,1,2,122,4,1,6,112,4,1,2,131,4,1,6,3,3,3,348,4,1,3,2,19,6,4,1,6,35,116,4,1,3,16,3,3,12,3,1,5,1,2,10,2,3,33,2,10,372,26,2,10,2,10,372,44,6,22,4,1,3,34,5,6,3,3,18,1,2,10,29,2,10,2,2,34,2,10,29,6,22,3,3,3,3,3,3,3,3,3,3,3,3,4,1,5,1,7,5,1,7,2,6,4,1,5,1,7,2,4,1,2,4,1,2,4,1,2,4,1,2,4,1,2,4,1,2,4,1,2,4,1,11,1,2,248,9,1,7,4,1,11,1,2,248,9,1,7,192,4,1,2,32,4,1,5,13,68,1,7,5,1,7,5,1,7,5,1,7,3,2,10,5,1,2,10,2,10,2,10,2,10,5,1,2,10,2,10,2,10,5,1,2,10,2,10,2,10,5,1,2,10,2,10,2,10,5,1,2,10,2,10,2,10,5,1,2,10,2,10,2,10,2,10,5,1,2,10,1,2,10,2,10,5,1,2,10,2,10,2,10,5,1,2,10,2,10,2,10,5,1,2,10,2,10,2,10,5,1,2,10,2,10,2,10,2,8,3,144,2,22,2,2,178,87,2,67,
org.apache.tools.ant.taskdefs.Get 3,3,32,4,1,5,1,7,5,1,7,5,31,49,1,7,5,31,478,1,7,23,11,1,2,8,3,3,5,31,1,2,45,5,1,3,2,8,22,2,3,5,1,2,2,444,5,1,3,5,1,2,8,6,3,3,12,3,1,11,1,2,238,37,9,1,2,8,5,1,2,8,5,6,7,3,3,18,63,1,2,21,5,2,96,5,2,28,2,30,2,30,5,1,3,5,1,3,2,8,22,5,2,9,1,2,8,5,6,7,4,1,5,68,1,3,144,2,218,2,178,87,2,120,66,2,91,2,378,2,208,6,1,6,117,4,1,2,149,4,1,2,192,4,1,2,4,1,2,4,1,5,68,1,2,
org.apache.tools.ant.taskdefs.GUnzip 3,3,117,4,1,2,56,149,4,1,2,56,32,4,1,5,1,7,5,31,1,7,5,49,1,7,5,1,2,86,5,49,1,3,26,3,20,5,41,29,1,2,29,1,2,5,45,45,1,2,8,23,23,3,3,11,1,2,2,3,3,113,1,2,21,2,63,9,1,3,43,7,1,5,1,11,1,2,30,9,1,5,1,11,1,2,30,9,1,
org.apache.tools.ant.taskdefs.GZip 3,3,4,1,2,117,4,1,2,32,4,1,5,1,7,5,1,7,2,8,23,3,11,1,2,5,49,1,2,8,1,2,105,9,1,3,43,7,1,5,1,11,1,2,30,9,1,165,4,1,3,3,113,1,2,21,2,63,165,4,1,3,11,1,2,105,1,2,30,
org.apache.tools.ant.taskdefs.Jar 3,3,3,3,17,4,2,2,2,4,1,2,530,4,1,5,1,2,371,2,244,2,4,1,5,31,1,7,66,2,3,11,1,2,3,5,1,2,371,2,244,9,1,2,8,43,7,66,9,1,7,1,5,1,11,1,2,30,9,1,4,1,2,295,2,97,345,4,1,11,1,2,371,5,1,2,244,12,3,370,25,1,2,8,27,2,443,3,3,2,21,2,93,3,387,2,105,76,2,344,9,1,2,8,43,7,66,4,1,11,1,3,3,160,52,5,1,7,6,9,1,7,9,1,7,4,1,11,1,5,1,2,5,1,2,244,9,1,2,8,43,7,66,165,4,1,5,41,1,2,8,1,2,105,165,4,1,5,41,1,11,1,2,9,1,7,1,2,105,442,4,1,5,1,3,11,1,2,3,336,5,1,2,8,6,3,238,5,1,2,371,5,13,1,2,8,6,9,1,2,8,26,52,43,6,1,5,1,11,1,2,30,9,1,5,45,45,1,6,6,441,4,1,6,297,4,1,2,296,
org.apache.tools.ant.taskdefs.Java 3,3,3,3,3,3,32,4,1,3,5,1,5,1,7,1,2,8,4,1,3,539,5,440,1,7,5,440,1,7,5,1,2,8,22,6,343,77,1,5,16,1,2,8,5,1,2,8,2,8,22,11,1,2,343,6,9,1,6,133,4,1,2,10,103,141,4,1,6,73,103,145,4,1,2,80,103,439,4,1,5,539,1,7,2,23,221,4,1,5,440,1,7,2,4,1,2,8,2,290,14,4,1,6,14,4,1,2,4,1,2,8,2,290,4,1,6,4,1,2,4,1,2,279,4,1,2,125,4,1,2,170,4,1,2,438,4,1,2,4,1,2,383,4,1,5,1,2,28,1,2,266,382,4,1,5,1,2,28,1,2,262,172,4,1,3,2,2,237,2,500,5,1,11,1,2,2,67,9,1,7,1,5,1,2,30,1,2,67,172,4,1,3,11,1,3,5,1,2,1,2,2,2,197,5,1,2,115,5,31,49,1,7,23,2,243,2,121,11,1,6,67,9,1,7,9,1,7,1,5,1,11,1,2,30,9,1,172,4,1,3,2,12,3,16,1,2,15,14,33,2,343,4,1,2,
org.apache.tools.ant.taskdefs.Javac 3,3,3,3,3,3,3,3,3,3,3,3,3,3,3,3,3,3,3,3,3,3,4,1,6,4,1,2,4,1,5,1,2,6,73,4,1,5,1,2,1,2,10,4,1,6,379,4,1,2,4,1,6,133,4,1,5,1,2,1,2,10,270,4,1,6,141,4,1,5,1,2,6,73,145,4,1,2,80,103,4,1,5,1,2,1,2,10,4,1,6,4,1,5,1,2,6,73,4,1,2,80,437,4,1,5,1,2,1,2,10,4,1,6,4,1,5,1,2,6,73,279,4,1,2,4,1,2,4,1,6,4,1,2,4,1,6,4,1,2,4,1,6,4,1,2,4,1,6,369,4,1,2,4,1,6,274,4,1,2,4,1,6,4,1,2,4,1,6,4,1,2,4,1,6,192,4,1,2,4,1,6,513,4,1,2,4,1,6,4,1,2,4,1,6,4,1,2,4,1,6,4,1,2,4,1,6,13,24,4,1,2,4,1,6,32,4,1,5,1,7,3,72,5,1,7,5,49,1,7,2,12,3,1,3,56,5,31,1,7,78,3,61,3,79,2,292,3,24,5,1,5,1,5,1,2,8,2,1,2,8,1,2,5,1,5,68,68,1,2,1,2,5,1,3,2,8,2,5,67,1,5,1,7,1,2,8,4,1,2,359,4,1,3,2,2,277,3,3,5,1,3,2,42,2,42,2,4,1,6,4,1,6,13,13,13,13,13,13,
org.apache.tools.ant.taskdefs.JavacOutputStream 3,3,3,17,4,2,2,111,4,1,3,5,1,5,20,1,2,156,1,2,10,260,4,1,3,22,5,34,1,2,2,8,2,4,1,6,
org.apache.tools.ant.taskdefs.Javadoc 3,3,110,4,1,2,122,4,1,6,112,4,1,2,131,4,1,6,3,3,3,110,4,1,2,122,4,1,6,276,4,1,5,1,2,1,2,10,4,1,6,436,4,1,5,1,2,60,6,73,4,1,2,80,73,348,4,1,3,2,19,6,4,1,6,35,3,110,4,1,2,122,4,1,6,116,4,1,6,26,3,114,4,1,2,435,4,1,6,3,130,4,1,2,10,4,1,6,22,128,4,1,6,3,3,68,4,1,5,1,2,15,14,4,1,5,1,5,20,1,2,15,14,2,15,14,1,2,8,4,1,5,1,2,15,14,4,1,5,1,2,15,14,3,3,3,3,3,3,3,3,3,3,3,3,3,3,3,3,3,3,3,3,3,3,3,3,4,1,5,1,2,301,4,1,2,438,4,1,5,1,2,15,14,1,2,15,14,4,1,2,290,14,4,1,5,1,2,1,2,10,4,1,5,1,2,6,73,4,1,2,80,379,4,1,2,2,15,14,2,91,14,4,1,3,18,57,1,3,51,3,2,91,56,2,4,1,2,19,4,1,3,18,57,1,3,51,3,2,69,2,4,1,2,19,4,1,3,18,57,1,3,51,3,2,69,2,4,1,2,19,4,1,5,1,2,15,14,2,91,14,4,1,2,203,4,1,2,203,4,1,2,203,4,1,2,203,4,1,2,15,14,44,4,1,5,1,2,2,69,4,1,5,1,2,2,88,4,1,5,1,2,2,80,73,4,1,2,6,4,1,2,176,133,4,1,5,1,2,1,2,10,141,4,1,5,1,2,6,73,145,4,1,2,80,103,4,1,5,1,2,1,2,10,4,1,5,1,2,6,73,4,1,2,80,437,4,1,5,1,2,15,14,2,15,14,192,4,1,2,176,4,1,5,1,2,15,14,2,15,14,369,4,1,2,15,14,2,15,14,4,1,2,4,1,2,176,4,1,2,4,1,2,176,4,1,2,4,1,3,2,90,2,4,1,5,1,2,4,1,3,2,90,2,4,1,5,1,2,4,1,3,2,90,2,4,1,5,1,2,4,1,3,2,90,2,4,1,5,1,2,4,1,5,1,3,2,3,5,20,64,1,7,3,2,51,5,57,1,7,2,56,51,4,1,2,4,1,5,1,2,4,1,2,203,4,1,2,176,4,1,2,203,4,1,2,203,4,1,2,176,4,1,2,176,4,1,2,176,4,1,5,1,2,15,14,2,91,14,4,1,5,1,2,15,14,2,91,14,4,1,2,15,14,2,15,14,4,1,2,4,1,3,2,19,6,3,3,3,17,4,4,1,2,4,1,6,4,1,2,4,1,6,4,1,2,4,1,6,4,1,3,2,19,6,3,3,17,4,4,1,3,2,90,2,4,1,2,4,1,6,138,4,1,3,18,57,1,3,51,3,2,69,2,4,1,2,19,4,1,3,12,3,16,1,5,1,2,10,2,10,22,33,6,22,4,1,2,279,4,1,2,32,4,1,5,13,1,2,8,5,1,3,7,2,8,5,1,2,15,14,2,15,14,275,138,5,1,2,15,14,2,15,14,275,138,5,1,2,15,14,2,15,14,275,138,5,1,2,15,14,2,15,14,275,138,3,127,2,95,5,2,2,163,5,1,2,15,14,2,88,14,2,15,14,2,88,14,1,2,15,14,2,15,14,22,24,22,5,2,15,14,5,2,15,14,5,1,5,1,3,7,5,1,5,1,5,26,1,7,1,2,15,14,2,15,14,26,5,78,1,2,15,14,2,88,14,78,12,3,25,1,3,27,5,26,1,7,2,15,14,26,5,44,1,2,15,14,44,5,1,2,15,14,2,88,14,5,16,1,12,3,35,25,1,3,27,5,311,1,7,5,1,3,5,1,7,311,3,5,31,1,2,15,14,2,15,14,311,2,15,14,23,1,2,8,1,2,15,14,2,15,14,311,5,1,3,18,57,1,3,64,51,3,34,5,1,3,29,3,29,2,15,14,2,15,14,2,15,14,5,16,1,12,3,35,25,1,3,27,3,3,5,1,7,2,15,14,2,15,14,275,2,15,14,2,5,16,1,3,3,35,18,25,1,3,27,3,64,26,5,55,1,2,19,1,2,15,14,3,5,16,1,2,35,18,25,1,3,27,2,19,64,26,5,16,1,2,5,16,1,3,11,1,5,1,5,1,2,516,2,15,14,23,2,23,3,35,18,25,1,3,27,3,23,283,5,1,2,28,1,2,15,14,9,1,7,1,5,1,2,30,5,1,2,15,14,2,8,2,8,3,3,3,2,197,2,243,11,1,2,121,77,3,67,5,1,7,9,1,7,1,5,1,2,62,2,2,228,2,228,11,1,2,30,2,30,9,1,4,1,2,8,22,3,12,3,16,1,5,1,2,10,2,10,33,2,8,22,2,107,2,10,12,3,16,1,5,1,2,10,2,10,33,2,8,22,3,3,72,5,2,3,2,355,3,35,18,25,1,3,27,2,46,5,55,1,2,2,69,140,2,35,18,25,1,3,27,2,46,5,55,1,2,2,69,167,3,11,1,5,1,2,516,2,15,14,23,2,12,3,1,3,56,2,98,3,61,3,132,12,3,1,3,3,72,393,4,1,5,55,1,6,5,1,3,46,46,5,196,1,5,1,2,28,1,2,15,14,2,19,9,1,7,1,5,1,2,30,17,4,3,260,4,1,5,47,1,5,1,2,156,2,1,5,1,5,47,2,156,2,156,2,2,156,526,4,1,5,1,2,156,2,4,1,6,153,99,4,1,6,263,76,4,1,3,48,24,3,34,34,3,3,24,5,31,1,6,23,1,2,8,23,6,
org.apache.tools.ant.taskdefs.Jikes 3,3,3,17,4,2,2,2,4,1,3,3,11,1,3,24,5,34,48,1,3,11,1,2,263,76,2,12,3,1,2,28,2,93,2,23,9,1,7,1,5,1,11,1,2,30,9,1,1,2,2,2,42,11,1,3,2,197,2,243,115,2,121,2,67,9,1,7,1,5,1,2,62,
org.apache.tools.ant.taskdefs.JikesOutputParser 3,3,3,3,3,3,522,4,1,521,4,1,520,4,1,2,281,4,1,2,256,4,1,17,4,2,2,4,1,5,2,2,4,1,3,3,18,92,1,2,48,5,13,64,75,5,34,2,434,5,34,2,434,1,5,2,434,2,8,4,1,2,4,1,2,5,2,139,4,1,5,1,2,8,2,8,4,1,6,
org.apache.tools.ant.taskdefs.KeySubst 3,3,3,3,32,4,1,2,8,2,8,5,1,2,8,6,3,3,11,1,2,2,62,2,3,3,3,2,92,18,1,5,20,1,2,305,1,2,46,2,21,2,305,2,92,2,93,2,30,2,30,9,1,2,89,117,4,1,2,149,4,1,2,4,1,2,4,1,5,20,1,3,18,57,1,3,64,51,3,3,51,3,51,2,36,480,4,1,11,1,3,2,36,2,36,2,28,46,9,1,2,89,4,1,3,3,3,3,18,34,1,2,29,34,2,10,29,5,207,1,2,10,38,1,2,10,2,10,2,10,2,20,2,10,29,6,22,
org.apache.tools.ant.taskdefs.LogOutputStream 3,3,3,3,17,4,2,2,111,4,1,3,5,1,5,2,282,2,21,2,4,1,2,156,22,2,182,260,4,1,2,156,260,4,1,2,8,205,4,1,5,16,2,282,2,30,4,1,6,
org.apache.tools.ant.taskdefs.LogStreamHandler 17,4,256,4,1,2,524,11,1,2,30,2,30,9,1,7,
org.apache.tools.ant.taskdefs.Manifest 3,3,3,3,3,3,3,3,17,4,17,4,2,234,17,4,2,2,242,4,1,5,1,6,3,6,13,48,48,13,488,4,1,3,34,5,1,7,2,29,2,29,110,4,1,2,122,4,1,6,112,4,1,2,131,4,1,6,4,1,2,29,111,4,1,3,18,40,1,3,3,29,18,40,1,2,2,29,5,1,7,2,28,2,29,2,28,3,3,3,110,4,1,2,122,4,1,6,326,4,1,3,18,1,3,92,5,20,1,6,5,53,1,5,1,7,2,1,2,3,433,5,1,6,4,1,5,26,41,26,1,7,12,3,70,25,1,3,27,2,36,38,12,3,35,25,1,2,19,27,111,4,1,5,1,3,2,21,12,3,35,25,1,3,27,2,21,2,28,4,1,3,38,48,5,1,6,6,44,4,1,2,392,48,4,1,3,433,5,1,7,4,1,5,26,44,1,7,5,41,26,1,2,19,26,44,6,44,5,47,48,26,48,1,2,19,26,44,5,207,48,26,1,7,26,1,2,36,48,26,6,4,1,6,35,242,4,1,5,1,6,3,5,16,16,1,6,12,3,35,25,1,3,27,3,38,48,26,5,13,1,6,6,3,3,3,17,4,17,4,3,3,63,3,5,1,2,2,3,18,92,1,5,20,1,75,3,5,1,3,5,41,26,1,7,26,2,44,1,3,2,433,2,69,2,63,2,4,1,5,26,1,7,2,36,48,26,4,1,2,4,1,2,2,244,12,3,70,25,1,3,27,3,38,3,38,5,1,2,36,48,1,2,244,111,4,1,2,28,3,5,1,2,28,2,2,21,5,1,11,1,2,9,1,12,3,35,25,1,3,27,2,21,116,4,1,3,11,1,2,21,9,1,6,6,22,4,1,3,12,3,370,25,1,2,19,27,12,3,35,25,1,3,27,12,3,370,25,1,2,19,27,6,35,242,4,1,5,1,6,3,5,13,1,6,5,16,16,1,6,5,13,1,6,12,3,35,25,1,3,27,3,38,48,26,5,13,1,6,6,
org.apache.tools.ant.taskdefs.ManifestException 17,4,
org.apache.tools.ant.taskdefs.MatchingTask 3,3,287,4,1,6,140,432,4,1,6,431,286,4,1,6,167,429,4,1,6,414,353,4,1,6,544,194,4,1,2,126,4,1,2,8,5,13,13,1,2,69,140,1,3,18,57,1,3,64,51,5,20,1,2,69,140,195,4,1,2,227,4,1,2,8,5,20,1,3,3,18,57,1,2,69,167,64,51,301,4,1,2,428,4,1,2,98,2,355,6,61,339,4,1,2,532,350,4,1,2,531,
org.apache.tools.ant.taskdefs.Mkdir 3,32,4,1,5,1,7,5,229,1,7,23,5,31,1,3,135,5,1,3,23,7,2,8,23,125,4,1,2,
org.apache.tools.ant.taskdefs.Move 17,4,2,4,1,2,8,16,23,3,70,18,25,1,3,27,3,38,5,13,1,2,8,75,3,3,3,11,1,2,8,2,9,1,3,43,7,5,1,11,1,2,8,3,5,1,2,300,361,12,3,35,25,1,2,300,27,2,83,2,5,62,1,7,23,9,1,3,43,7,3,5,1,3,35,3,18,25,1,3,27,5,31,1,5,135,1,2,8,23,1,2,5,1,2,8,23,5,16,1,3,35,18,25,1,3,27,3,84,5,1,2,4,1,3,72,12,3,1,3,3,5,49,1,5,6,1,6,4,1,3,72,12,3,1,3,3,5,49,1,2,1,7,23,2,8,23,5,62,1,7,23,4,1,3,5,1,3,86,5,1,3,5,31,1,2,135,5,31,1,5,62,1,7,2,206,1,2,6,
org.apache.tools.ant.taskdefs.Parallel 3,381,4,1,2,19,32,4,1,3,16,3,12,3,35,25,1,3,27,2,12,3,1,2,158,12,3,1,11,1,2,278,9,1,3,3,24,3,3,3,12,3,1,3,118,5,1,2,5,1,2,5,1,2,66,2,10,2,10,43,5,1,5,1,7,1,7,5,1,7,22,3,3,3,17,4,2,2,172,4,1,11,1,2,483,9,1,2,403,4,1,6,
org.apache.tools.ant.taskdefs.Patch 3,3,3,4,1,2,4,1,5,31,1,7,2,15,14,2,91,14,2,4,1,5,1,2,15,14,4,1,5,1,2,15,14,4,1,5,1,7,2,15,14,536,4,1,5,1,2,15,14,4,1,5,1,2,15,14,32,4,1,5,1,7,3,127,2,95,5,1,2,91,14,3,2,121,77,11,1,2,67,9,1,7,
org.apache.tools.ant.taskdefs.PathConvert 146,4,1,2,161,4,1,2,4,1,5,1,7,3,48,3,48,5,47,1,3,20,5,20,1,2,1,2,29,6,3,3,436,4,1,5,39,7,81,5,1,2,60,6,73,4,1,3,2,19,6,4,1,2,48,5,13,13,1,7,2,13,200,4,1,2,179,4,1,5,7,81,2,4,1,2,4,1,2,427,4,1,6,32,4,1,5,39,1,2,73,60,3,148,60,5,1,2,80,5,1,3,2,97,1,7,3,48,24,2,34,3,3,53,3,3,72,12,3,1,3,2,46,5,2,10,2,10,3,22,2,8,2,104,60,4,1,3,16,5,1,12,3,1,3,33,3,5,1,2,6,4,1,5,7,5,7,5,7,3,3,5,1,2,2,1,2,2,2,2,4,1,6,
org.apache.tools.ant.taskdefs.Property 3,3,3,3,3,3,3,110,4,1,2,122,4,1,6,253,4,1,2,15,23,112,4,1,2,131,4,1,6,114,4,1,2,435,4,1,6,179,4,1,2,4,1,6,545,4,1,2,4,1,6,4,1,2,4,1,6,133,4,1,5,1,2,1,2,10,141,4,1,5,1,2,6,73,145,4,1,2,80,103,4,1,2,116,4,1,6,32,4,1,5,1,5,1,7,1,5,1,7,5,1,2,426,5,2,5,2,407,5,2,5,1,3,148,60,5,1,2,426,22,4,1,3,2,8,23,11,1,5,31,1,3,11,1,2,187,1,5,1,2,30,2,425,1,2,8,23,9,1,7,4,1,3,2,8,11,1,3,3,5,1,2,1,2,236,52,5,1,2,385,1,2,160,5,1,2,187,2,425,1,2,8,9,1,7,4,1,3,5,55,2,2,8,3,12,3,35,25,1,3,27,3,34,5,1,2,8,1,2,36,29,29,2,425,4,1,2,3,70,18,25,1,3,27,3,24,3,153,99,2,426,4,1,5,1,5,1,2,159,1,2,8,1,5,24,1,2,104,1,2,8,4,1,12,3,70,25,1,3,27,3,24,3,18,1,3,3,2,2,5,16,1,3,3,35,3,35,18,25,1,3,27,5,1,3,27,5,13,1,7,2,24,60,5,1,5,207,1,2,24,2,1,2,2,10,2,22,2,36,
org.apache.tools.ant.taskdefs.PumpStreamHandler 3,3,3,3,17,4,2,2,17,4,17,4,520,4,1,2,521,4,1,2,522,4,1,281,4,1,2,158,2,158,256,4,1,11,1,2,278,9,1,11,1,2,278,9,1,11,1,2,93,9,1,11,1,2,93,9,1,4,1,6,4,1,6,4,1,2,4,1,2,4,1,3,2,6,
org.apache.tools.ant.taskdefs.Recorder 3,3,3,3,3,110,4,1,2,4,1,5,41,44,1,2,1,2,4,1,2,4,1,3,44,5,41,1,2,5,41,1,2,5,41,1,2,5,41,1,2,5,41,1,2,32,4,1,5,7,2,8,60,3,60,2,506,2,3,128,4,1,6,3,128,4,1,6,4,1,3,38,3,5,1,11,1,2,3,5,1,2,1,2,245,2,504,2,505,9,1,7,2,209,2,36,1,2,6,
org.apache.tools.ant.taskdefs.RecorderEntry 3,3,3,3,3,3,24,17,4,2,4,1,6,4,1,5,2,245,217,4,1,2,8,214,4,1,2,8,3,118,5,1,2,28,1,2,28,2,89,2,93,2,30,174,4,1,2,8,100,2,8,26,100,2,76,183,4,1,2,8,100,3,291,76,2,8,100,2,93,212,4,1,2,8,109,211,4,1,2,8,109,2,93,188,4,1,2,8,3,5,109,1,3,87,109,12,3,20,1,2,10,2,10,2,10,43,2,8,22,235,139,4,1,5,1,2,28,397,4,1,5,2,402,4,1,2,405,4,1,7,401,4,1,2,4,1,3,3,5,1,6,22,22,1,6,22,
org.apache.tools.ant.taskdefs.Rename 3,3,3,117,4,1,2,149,4,1,2,4,1,2,186,32,4,1,2,8,5,1,7,5,1,7,5,31,1,5,62,1,7,5,206,1,7,
org.apache.tools.ant.taskdefs.Replace 3,3,3,3,3,3,3,3,3,3,3,130,4,1,2,10,4,1,6,22,3,3,3,4,1,5,1,3,7,5,13,1,3,7,5,1,3,7,5,1,5,1,3,7,5,24,1,3,78,7,4,1,5,1,6,24,5,1,6,5,1,6,138,1,6,377,4,1,2,4,1,6,112,4,1,2,131,4,1,6,200,4,1,2,4,1,6,32,4,1,2,5,1,2,99,2,2,2,5,1,2,517,5,1,3,61,3,79,12,3,1,3,2,517,5,1,2,8,4,1,5,1,3,7,5,31,1,3,78,7,5,16,1,3,7,5,13,138,1,3,7,4,1,12,3,16,1,3,33,2,4,1,3,11,1,2,187,9,1,3,78,7,9,1,3,78,7,6,4,1,5,31,1,7,78,3,78,5,31,1,7,78,11,1,3,3,3,20,3,3,3,18,1,2,63,5,1,37,2,10,2,3,22,3,5,1,3,24,3,325,138,3,325,138,2,8,78,138,138,2,325,5,16,1,2,78,3,13,5,1,2,21,20,2,93,2,30,2,30,5,1,2,2,62,2,206,1,2,62,9,1,2,89,7,4,1,3,12,3,16,1,3,33,2,8,424,2,325,424,6,114,4,1,2,4,1,2,125,4,1,2,377,4,1,2,90,112,4,1,2,90,4,1,5,1,2,6,4,1,6,4,1,2,4,1,3,2,19,6,4,1,3,3,3,34,18,1,5,1,2,10,29,5,1,2,10,2,20,2,34,2,5,20,1,2,10,29,20,6,22,
org.apache.tools.ant.taskdefs.Rmic 3,3,3,3,3,3,3,3,3,3,3,3,3,3,3,3,3,3,4,1,2,4,1,6,221,4,1,2,533,4,1,6,4,1,2,4,1,6,4,1,2,4,1,6,363,4,1,2,4,1,6,274,4,1,2,4,1,6,133,4,1,5,1,2,1,2,10,141,4,1,5,1,2,6,73,145,4,1,2,80,103,270,4,1,6,4,1,2,4,1,6,4,1,2,4,1,6,4,1,2,4,1,6,4,1,2,4,1,6,4,1,2,4,1,6,4,1,6,4,1,2,4,1,6,4,1,2,4,1,6,437,4,1,5,1,2,1,2,10,4,1,5,1,2,6,73,4,1,6,4,1,6,32,4,1,5,1,7,5,31,1,7,5,1,2,8,3,24,3,136,2,3,237,2,5,1,3,61,3,79,2,292,423,1,2,292,46,423,3,16,5,1,2,8,5,67,1,7,5,13,1,5,1,2,8,2,8,1,12,3,1,2,33,2,154,4,1,3,46,3,299,423,12,3,1,3,29,20,3,3,11,1,2,83,2,62,9,1,3,43,7,359,4,1,3,5,1,2,8,5,34,1,2,8,1,3,2,166,12,3,1,3,46,2,29,143,2,19,4,1,11,1,3,106,5,1,6,6,9,1,2,8,9,1,2,8,9,1,2,8,43,6,4,1,5,155,1,3,5,1,12,3,1,5,155,1,6,6,4,1,6,4,1,6,
org.apache.tools.ant.taskdefs.SendEmail 3,3,3,3,3,3,17,4,4,1,2,146,4,1,2,4,1,2,366,4,1,2,4,1,2,4,1,3,18,57,1,2,19,56,51,32,4,1,11,1,3,5,1,2,1,7,5,1,3,18,57,1,2,51,1,7,5,1,2,5,171,1,3,12,3,35,25,1,3,27,5,31,1,3,3,3,3,11,1,2,18,63,1,2,21,1,5,1,2,30,1,7,26,5,1,3,2,96,1,7,2,8,2,9,1,7,43,
org.apache.tools.ant.taskdefs.Sequential 3,381,4,1,2,19,32,4,1,12,3,35,25,1,3,27,2,483,
org.apache.tools.ant.taskdefs.SignJar 3,3,3,3,3,3,3,3,3,3,3,3,3,439,4,1,2,4,1,2,4,1,2,4,1,2,4,1,2,4,1,2,4,1,2,4,1,2,192,4,1,2,4,1,2,4,1,2,4,1,2,169,4,1,2,19,32,4,1,5,1,7,5,1,2,6,1,12,3,16,1,3,33,3,61,3,79,12,3,1,2,4,1,5,13,68,1,7,5,1,7,5,1,7,5,441,6,3,3,144,2,95,5,1,2,15,85,2,15,85,5,1,2,15,85,2,15,85,5,1,2,15,85,2,15,85,5,1,2,15,85,2,15,85,5,1,2,15,85,2,15,85,5,1,2,15,85,2,15,85,5,1,2,15,85,5,1,2,15,85,5,1,2,15,85,2,15,85,2,15,85,2,8,23,2,2,178,87,2,67,442,4,1,5,1,6,5,1,3,3,5,31,6,5,31,6,5,13,6,5,45,45,6,1,5,1,6,6,4,1,3,3,3,5,31,1,6,3,11,1,2,5,1,3,18,25,1,3,26,27,5,47,55,1,6,6,1,6,336,142,9,1,6,1,5,1,11,1,2,30,9,1,
org.apache.tools.ant.taskdefs.Sleep 3,3,3,3,3,17,4,4,1,2,4,1,2,4,1,2,4,1,2,4,1,11,1,2,525,123,9,1,535,4,1,2,4,1,6,4,1,3,422,5,422,1,7,32,4,1,11,1,2,3,422,2,8,2,9,1,5,1,7,1,3,22,2,8,
org.apache.tools.ant.taskdefs.SQLExec 3,3,128,4,1,6,3,3,3,3,3,3,3,3,3,3,3,3,3,3,3,3,3,3,3,3,3,3,3,133,4,1,5,1,2,1,2,10,141,4,1,5,1,2,6,73,145,4,1,2,80,103,117,4,1,2,130,4,1,2,169,4,1,2,19,4,1,3,2,19,6,4,1,2,4,1,2,4,1,2,4,1,2,4,1,2,4,1,2,4,1,2,44,4,1,2,4,1,2,170,4,1,2,4,1,2,48,4,1,2,48,4,1,2,44,32,4,1,2,64,5,20,171,1,5,16,1,7,1,12,3,16,1,3,33,3,61,3,84,3,79,12,3,1,3,2,320,3,2,320,2,90,5,1,7,5,1,7,5,1,7,5,1,7,5,31,1,7,3,11,1,3,5,1,2,8,2,2,106,1,2,8,2,54,2,59,9,1,7,9,1,7,9,1,7,11,1,2,8,3,2,36,2,36,2,444,5,1,7,5,6,2,2,3,11,1,5,1,2,8,2,12,3,35,25,1,2,27,5,1,2,8,2,1,5,1,2,30,9,1,5,13,1,11,1,2,9,1,7,9,1,5,13,1,11,1,2,9,1,7,1,11,1,5,1,2,30,5,1,2,30,9,1,2,8,4,1,3,3,3,11,1,18,92,1,2,64,2,153,99,5,47,75,3,5,57,1,3,51,5,41,1,75,2,2,64,5,34,2,5,13,55,13,13,1,2,8,2,29,20,20,2,5,13,1,2,9,1,7,4,1,5,6,11,1,3,5,1,3,48,2,8,5,34,1,2,8,6,5,1,3,48,2,8,5,47,34,1,2,8,6,9,1,2,8,6,6,4,1,5,13,64,6,11,1,2,5,67,1,2,8,1,5,1,2,3,370,18,1,2,8,2,2,2,9,1,2,8,5,13,7,2,8,22,4,1,3,113,1,2,5,1,2,8,3,3,3,5,1,12,3,1,2,10,2,10,2,10,2,28,2,107,18,1,3,12,3,1,3,5,1,2,64,5,1,2,1,2,10,2,10,2,28,2,107,2,28,128,4,1,6,3,3,117,4,1,2,130,4,1,2,4,1,5,20,1,2,8,2,5,1,2,8,23,3,2,2,30,
org.apache.tools.ant.taskdefs.StreamPumper 3,3,3,3,17,4,2,2,172,4,1,3,3,11,1,18,63,1,2,21,11,1,2,525,9,1,9,1,
org.apache.tools.ant.taskdefs.Tar 3,3,3,3,3,3,3,3,3,3,3,3,4,1,3,2,19,6,4,1,2,177,4,1,2,4,1,12,3,1,5,41,1,2,6,7,32,4,1,5,1,7,5,31,49,1,7,5,31,478,1,7,5,1,5,31,1,7,3,2,98,2,19,5,16,1,7,3,12,3,35,25,1,3,27,3,247,5,1,2,12,3,1,5,13,84,1,7,5,1,2,8,23,6,2,8,23,3,11,1,2,2,421,5,41,1,2,420,5,41,41,1,2,420,1,2,420,2,12,3,35,25,1,3,27,3,247,12,3,1,3,84,3,46,2,9,1,3,43,7,1,5,1,11,1,2,30,9,1,4,1,3,5,20,1,6,5,49,55,1,2,11,1,5,20,1,5,41,1,2,8,6,5,41,1,2,8,5,1,2,8,2,5,41,1,7,3,2,45,5,49,1,2,250,20,2,265,2,2,2,318,5,49,1,2,3,3,113,1,2,21,2,63,2,319,1,5,2,30,4,1,3,3,2,277,23,6,166,3,3,3,3,17,4,17,4,523,4,1,5,1,3,61,3,132,3,79,2,2,42,2,42,6,419,4,1,2,248,418,4,1,6,4,1,2,4,1,6,4,1,2,4,1,6,
org.apache.tools.ant.taskdefs.Taskdef 354,4,1,2,315,
org.apache.tools.ant.taskdefs.TaskOutputStream 3,3,3,17,4,2,2,2,111,4,1,3,5,1,5,20,1,2,156,1,2,10,260,4,1,3,22,2,8,2,
org.apache.tools.ant.taskdefs.Touch 3,3,3,3,17,4,2,232,114,4,1,2,4,1,2,4,1,2,169,4,1,2,19,32,4,1,5,16,1,7,5,31,49,1,7,5,1,3,11,1,2,378,102,234,5,1,7,9,1,7,43,2,208,4,1,5,1,5,31,1,2,8,11,1,3,2,21,2,30,9,1,7,2,208,5,68,1,2,8,6,12,3,16,1,3,33,3,61,3,84,3,79,3,132,12,3,1,2,208,12,3,1,2,208,4,1,5,478,1,7,5,68,1,6,5,1,2,309,76,1,2,309,
org.apache.tools.ant.taskdefs.Transform 
org.apache.tools.ant.taskdefs.Tstamp 3,32,4,1,11,1,3,3,2,104,322,3,2,104,322,3,2,104,322,3,35,18,25,1,3,27,2,67,9,1,7,4,1,3,2,19,6,3,3,3,3,3,3,3,17,4,200,4,1,2,329,4,1,2,4,1,3,11,1,2,51,5,25,1,2,51,5,25,1,2,51,5,25,1,7,66,1,2,9,1,7,66,4,1,2,4,1,5,41,1,2,5,41,1,2,5,41,1,2,5,41,1,2,5,41,1,2,5,41,1,2,5,41,1,2,5,41,1,2,1,7,66,32,4,1,5,1,7,5,1,7,3,5,1,2,5,1,2,1,2,5,1,3,151,2,239,2,2,102,2,104,322,
org.apache.tools.ant.taskdefs.Typedef 354,4,1,2,501,
org.apache.tools.ant.taskdefs.Untar 3,32,4,1,3,144,2,218,2,178,87,2,120,66,3,3,11,1,5,1,7,5,31,1,7,5,1,7,3,2,8,2,3,18,380,1,11,1,3,519,26,5,31,45,102,1,2,8,75,2,8,26,3,86,2,135,5,49,1,2,135,1,3,3,3,18,63,1,2,21,2,30,5,68,1,2,91,2,378,102,2,208,9,1,2,8,26,9,1,7,78,1,5,1,11,1,2,30,9,1,149,4,1,2,117,4,1,2,538,4,1,2,
org.apache.tools.ant.taskdefs.UpToDate 3,3,3,3,3,200,4,1,2,112,4,1,2,131,4,1,6,4,1,2,4,1,2,19,537,4,1,5,1,7,2,6,164,4,1,5,16,1,7,5,1,7,5,31,6,3,35,3,18,25,1,3,27,3,61,2,292,84,79,6,32,4,1,3,231,5,1,2,104,44,5,1,2,8,23,1,2,8,359,4,1,3,3,3,5,1,3,2,277,23,2,2,1,2,298,6,166,
org.apache.tools.ant.taskdefs.War 3,3,17,4,2,2,4,1,2,530,4,1,2,5,31,7,3,2,98,86,2,126,26,2,2,97,4,1,2,295,2,97,4,1,2,295,2,97,4,1,2,295,2,97,345,4,1,5,1,7,2,344,165,4,1,5,41,1,5,13,1,2,8,1,2,105,2,1,2,105,297,4,1,2,2,296,
org.apache.tools.ant.taskdefs.XSLTLiaison 4,4,4,
org.apache.tools.ant.taskdefs.XSLTProcess 3,3,3,3,3,3,3,3,3,3,3,3,3,17,4,2,232,32,4,1,3,3,3,5,1,7,5,1,2,56,2,2,8,22,52,3,56,5,31,1,2,56,5,31,1,2,8,2,8,5,1,2,417,6,5,1,3,7,2,61,2,8,2,79,12,3,1,2,417,2,132,12,3,1,2,72,12,3,2,417,4,1,2,177,4,1,2,379,4,1,2,4,1,2,4,1,2,133,4,1,2,10,103,141,4,1,5,1,2,6,73,145,4,1,2,80,103,4,1,2,4,1,5,13,1,3,106,2,59,5,13,1,2,8,3,106,2,59,5,13,1,3,106,2,59,1,2,59,106,4,1,5,1,6,54,1,3,3,106,2,289,6,4,1,2,4,1,2,4,1,3,3,3,11,1,3,45,2,3,143,5,1,2,29,143,1,2,5,45,45,45,1,2,2,8,2,2,416,9,1,2,8,5,1,2,62,7,4,1,11,1,3,45,2,8,45,2,8,45,2,8,5,45,45,45,1,2,2,8,2,2,416,9,1,2,8,5,2,62,7,4,1,3,86,5,31,1,5,135,1,7,23,4,1,5,1,5,1,11,1,2,314,9,1,7,1,11,1,2,314,9,1,11,1,2,314,9,1,11,1,2,314,9,1,2,89,2,89,7,6,348,4,1,3,2,19,6,3,3,110,4,1,2,4,1,2,122,4,1,5,7,6,4,1,5,7,6,4,1,5,1,6,2,11,1,2,8,2,12,3,35,25,1,3,27,2,26,9,1,2,8,7,
org.apache.tools.ant.taskdefs.Zip 3,3,3,3,3,3,3,44,3,3,3,3,3,3,4,1,2,177,4,1,2,4,1,2,4,1,2,4,1,2,169,4,1,2,19,4,1,2,19,128,4,1,6,4,1,2,44,369,4,1,2,32,4,1,5,16,13,1,7,5,1,7,3,2,3,5,31,1,2,3,12,1,2,86,5,31,1,37,5,1,7,11,1,5,206,1,7,9,1,7,3,5,1,2,19,61,12,3,16,1,3,33,2,19,61,3,16,3,2,82,5,441,1,6,3,2,8,23,3,11,1,3,2,11,1,5,1,2,285,1,2,285,2,344,5,1,2,306,61,2,306,5,1,2,3,2,320,3,12,3,16,1,5,1,2,10,2,10,33,2,227,22,3,2,19,2,306,2,2,1,11,1,5,1,2,30,9,1,5,7,9,1,3,43,5,62,1,2,5,1,5,206,1,2,26,7,1,2,296,5,1,5,62,1,2,8,26,4,1,6,4,1,5,20,20,7,3,415,3,132,5,20,7,12,3,1,5,13,1,75,3,46,5,55,1,2,2,190,3,79,5,20,7,12,3,1,3,5,20,1,2,190,2,105,1,3,46,2,190,2,105,4,1,5,20,20,7,3,3,3,3,3,11,1,2,18,380,1,2,3,26,5,216,1,5,20,1,2,190,2,105,102,1,2,190,5,49,1,2,105,102,1,5,1,2,30,345,4,1,4,1,4,1,2,8,11,1,3,11,1,3,2,2,2,21,1,2,30,9,1,7,6,442,4,1,3,3,5,1,5,13,1,2,8,6,5,13,1,7,1,6,1,12,3,1,5,13,1,7,5,31,6,3,3,2,277,23,12,3,1,5,166,415,1,6,6,4,1,6,4,1,3,12,3,1,3,415,12,3,2,19,3,16,2,82,6,4,1,3,12,3,1,3,79,3,132,2,2,42,2,42,6,4,1,5,38,1,6,2,36,3,5,31,1,2,239,45,1,2,239,76,2,250,2,285,2,308,2,445,2,318,165,4,1,3,2,239,5,1,3,3,5,1,3,3,3,113,1,2,2,294,2,21,2,63,2,387,1,2,479,3,3,113,1,2,2,294,2,63,2,182,2,250,2,308,44,2,318,3,3,113,1,5,1,2,21,2,63,2,19,165,4,1,5,13,1,7,3,11,1,2,105,45,1,2,30,4,1,5,1,3,3,20,18,143,1,3,29,5,38,1,37,2,108,18,171,1,3,162,3,5,1,2,1,2,2,443,4,1,12,3,16,1,3,33,3,61,3,3,5,1,3,2,2,5,20,55,55,1,2,5,20,1,2,190,2,443,5,20,1,2,190,5,1,2,1,2,306,297,4,1,2,2,
org.apache.tools.ant.taskdefs.compilers.CompilerAdapter 4,32,4,
org.apache.tools.ant.taskdefs.compilers.CompilerAdapterFactory 17,4,4,1,5,41,1,6,5,41,1,6,5,41,41,41,1,6,5,41,41,41,1,11,1,2,54,9,1,2,8,6,6,5,41,41,1,6,5,41,1,6,5,41,1,6,5,41,41,1,6,6,4,1,11,1,3,54,3,59,6,9,1,7,9,1,7,9,1,7,
org.apache.tools.ant.taskdefs.compilers.DefaultCompilerAdapter 3,3,3,3,3,3,3,3,3,3,3,3,3,3,3,3,3,3,3,3,24,3,4,1,2,2,2,2,2,2,2,2,2,2,100,2,2,304,2,2,237,2,60,2,66,2,446,2,2,2,4,1,6,4,1,3,5,1,2,120,5,1,5,1,2,71,1,5,1,2,71,163,1,2,71,163,5,1,5,34,48,24,1,3,2,98,24,2,126,2,97,5,68,1,2,71,24,1,2,71,24,2,71,24,2,71,24,2,71,24,6,4,1,3,191,3,13,68,3,5,1,5,1,2,8,1,2,15,14,5,1,5,1,2,8,1,2,15,14,5,1,2,15,14,5,1,2,15,14,5,1,2,15,14,2,91,14,2,15,14,5,47,68,1,3,5,1,2,10,5,1,2,249,2,10,2,10,2,88,14,1,2,88,14,2,15,14,2,88,14,5,1,2,15,14,2,15,14,5,1,2,15,14,2,88,14,5,1,2,15,14,2,88,14,5,1,2,15,14,2,15,14,5,1,2,15,14,5,68,68,1,2,15,14,5,1,2,15,14,5,1,5,47,68,1,2,15,14,5,47,68,1,2,15,14,1,2,8,5,1,2,15,14,6,4,1,3,2,447,5,1,2,15,14,2,15,14,2,181,6,4,1,3,2,447,2,181,6,4,1,2,8,22,3,5,1,2,10,2,10,2,10,12,3,1,3,23,2,15,14,2,10,2,8,22,4,1,3,3,11,1,5,20,22,1,3,11,1,2,263,76,2,12,3,1,2,28,2,93,2,2,42,2,23,9,1,7,1,5,1,11,1,2,30,9,1,1,2,11,1,3,2,197,2,243,115,2,121,2,67,6,9,1,7,1,5,1,2,62,4,1,5,1,3,24,5,1,2,1,6,3,72,12,3,1,5,55,1,2,3,56,3,2,98,2,126,2,97,
org.apache.tools.ant.taskdefs.compilers.Gcj 32,4,1,3,2,8,2,3,16,2,181,6,261,77,4,1,3,3,5,1,2,10,2,249,5,16,1,2,2,10,191,2,10,2,95,5,1,2,15,14,2,91,14,5,135,1,7,2,15,14,2,88,14,5,1,2,8,5,1,2,15,14,5,1,2,15,14,2,15,14,6,
org.apache.tools.ant.taskdefs.compilers.Javac12 32,4,1,2,8,3,3,11,1,3,54,3,173,3,59,3,65,3,50,150,6,245,9,1,7,9,1,5,1,7,1,7,1,11,1,2,30,9,1,7,
org.apache.tools.ant.taskdefs.compilers.Javac13 3,32,4,1,2,8,3,11,1,3,54,3,59,3,65,52,3,50,150,6,9,1,5,1,7,1,7,
org.apache.tools.ant.taskdefs.compilers.JavacExternal 32,4,1,2,8,3,2,95,2,447,3,16,2,181,6,261,77,
org.apache.tools.ant.taskdefs.compilers.Jikes 32,4,1,2,8,3,5,1,2,10,2,249,5,16,1,2,1,2,10,191,2,10,3,24,5,1,2,10,3,2,95,5,2,15,14,5,1,2,15,14,2,91,14,2,15,14,2,88,14,5,1,2,15,14,2,15,14,5,1,2,15,14,5,1,2,15,14,5,1,2,15,14,5,1,2,15,14,3,24,5,186,1,2,15,14,3,24,5,1,2,8,2,8,5,186,1,2,15,14,5,1,2,15,14,3,24,5,186,1,2,15,14,3,24,5,186,1,2,15,14,3,16,2,181,6,261,77,
org.apache.tools.ant.taskdefs.compilers.Jvc 32,4,1,2,8,3,5,1,2,10,2,249,5,16,1,2,1,2,10,191,2,10,3,2,95,5,1,2,15,14,2,91,14,2,15,14,2,88,14,2,15,14,2,15,14,2,15,14,5,1,2,15,14,5,1,2,15,14,5,1,2,15,14,3,16,2,181,6,261,77,
org.apache.tools.ant.taskdefs.compilers.Kjc 32,4,1,2,8,3,11,1,3,54,3,65,3,50,150,6,245,9,1,7,9,1,5,1,7,1,7,4,1,3,3,191,5,1,2,15,14,5,1,2,15,14,2,91,14,2,15,14,3,5,1,2,10,5,1,2,249,2,10,2,10,2,88,14,5,1,2,15,14,2,15,14,5,1,2,15,14,5,1,2,15,14,5,1,2,15,14,2,181,6,
org.apache.tools.ant.taskdefs.compilers.Sj 32,4,1,2,8,3,2,95,3,16,6,261,77,
org.apache.tools.ant.taskdefs.condition.And 164,4,1,3,362,18,25,1,3,27,5,231,1,6,6,
org.apache.tools.ant.taskdefs.condition.Condition 164,4,
org.apache.tools.ant.taskdefs.condition.ConditionBase 3,3,368,4,1,2,251,4,1,6,4,1,6,16,4,1,6,4,1,2,19,4,1,2,19,4,1,2,19,4,1,2,19,4,1,2,19,4,1,2,19,4,1,2,19,3,410,4,1,6,302,411,4,1,3,11,1,2,33,9,1,7,5,1,2,147,60,5,1,2,147,60,6,
org.apache.tools.ant.taskdefs.condition.Equals 3,3,4,1,2,4,1,2,164,4,1,5,1,7,6,13,
org.apache.tools.ant.taskdefs.condition.Not 164,4,1,5,302,1,7,5,302,1,7,6,231,27,362,
org.apache.tools.ant.taskdefs.condition.Or 164,4,1,3,362,18,25,1,3,27,5,231,1,6,6,
org.apache.tools.ant.taskdefs.condition.Os 3,4,1,2,48,164,4,1,3,48,24,3,24,5,1,5,13,1,6,34,5,13,1,6,13,5,13,1,6,34,5,13,1,6,13,47,55,7,6,
org.apache.tools.ant.taskdefs.optional.TraXLiaison 3,3,3,3,17,4,2,59,4,1,2,3,2,272,448,2,2,4,1,3,3,11,1,2,2,3,2,272,448,3,2,272,448,2,416,1,11,1,5,1,2,30,9,1,11,1,5,1,2,30,9,1,11,1,5,1,2,30,9,1,4,1,3,23,2,46,6,4,1,2,
org.apache.tools.ant.taskdefs.rmic.DefaultRmicAdapter 3,3,17,4,4,1,2,2,4,1,6,4,1,6,4,1,6,4,1,6,4,1,6,270,4,1,6,191,4,1,3,60,2,120,5,237,1,5,446,1,2,71,1,5,446,1,2,71,163,237,1,2,71,163,237,5,1,5,34,48,24,1,3,2,98,24,2,126,2,97,5,68,1,2,71,24,5,13,24,1,3,2,98,24,2,126,2,97,1,2,71,24,2,71,24,2,71,24,2,71,24,6,4,1,6,312,4,1,3,5,1,12,3,1,2,15,14,3,191,2,15,14,2,91,14,5,304,1,5,47,68,1,2,249,1,2,15,14,2,88,14,304,2,15,14,2,88,14,3,5,1,5,13,2,15,14,5,13,2,15,14,2,15,14,5,1,2,15,14,5,1,2,8,2,15,14,5,477,1,2,8,477,2,15,14,477,5,476,1,2,15,14,2,8,5,475,1,2,15,14,475,2,8,475,5,1,2,15,14,2,181,6,4,1,3,2,8,22,3,5,16,1,2,10,2,10,12,3,16,1,3,33,2,15,14,2,10,2,8,22,4,1,3,304,5,1,3,24,5,1,2,60,1,6,3,72,12,3,1,5,55,1,2,3,56,60,3,2,98,2,126,2,97,3,17,4,146,4,1,161,4,1,189,4,1,5,55,55,259,55,55,1,6,3,29,34,3,46,5,1,6,3,263,5,476,1,5,13,1,2,259,1,2,259,5,476,1,3,143,3,3,5,1,2,1,2,2,29,3,29,11,1,3,106,5,1,2,259,1,3,3,26,3,3,3,143,5,1,2,1,2,2,29,2,46,2,29,259,9,1,2,8,9,1,2,8,9,1,2,8,43,6,
org.apache.tools.ant.taskdefs.rmic.KaffeRmic 32,4,1,2,8,136,3,312,11,1,3,54,3,173,3,59,150,3,65,3,150,3,50,6,245,9,1,7,66,136,9,1,5,1,7,1,7,66,136,
org.apache.tools.ant.taskdefs.rmic.RmicAdapter 4,32,4,4,270,4,
org.apache.tools.ant.taskdefs.rmic.RmicAdapterFactory 17,4,4,1,5,1,11,1,2,54,2,9,1,11,1,2,54,2,54,2,9,1,7,5,41,1,6,5,41,1,6,5,41,1,6,6,4,1,11,1,3,54,3,59,6,9,1,7,9,1,7,9,1,7,
org.apache.tools.ant.taskdefs.rmic.SunRmic 32,4,1,2,8,136,3,312,3,136,11,1,3,54,3,173,3,59,3,65,3,50,150,6,245,9,1,7,66,136,9,1,5,1,7,1,7,66,136,1,11,1,2,30,9,1,7,
org.apache.tools.ant.taskdefs.rmic.WLRmic 32,4,1,2,8,136,3,312,11,1,3,54,3,65,2,50,150,6,9,1,7,66,136,9,1,5,1,7,1,7,66,136,4,1,6,4,1,6,
org.apache.tools.ant.types.Commandline 3,3,17,4,3,5,1,2,95,12,3,1,2,15,14,17,4,3,112,4,1,2,4,1,2,276,4,1,2,22,114,4,1,2,23,4,1,6,3,3,17,4,2,4,1,5,1,2,12,3,1,3,33,2,474,6,4,1,3,2,19,6,540,4,1,5,20,6,2,46,46,4,1,6,4,1,12,3,1,2,15,14,255,4,1,3,150,5,6,3,2,2,42,6,4,1,3,16,12,3,16,1,3,33,3,474,12,3,1,2,19,3,16,2,82,6,116,4,1,6,22,77,4,1,5,34,1,5,34,1,7,1,6,5,34,34,1,6,1,6,116,4,1,5,6,3,12,3,1,5,1,2,10,2,10,6,22,4,1,5,20,1,6,3,3,3,3,3,3,3,18,57,1,3,51,157,5,13,1,2,1,2,10,37,5,13,1,2,1,2,10,37,5,13,1,2,5,13,1,2,5,13,1,5,20,1,2,19,22,2,107,1,2,10,37,5,20,1,2,19,22,5,1,7,3,16,2,82,6,324,4,1,6,77,258,4,1,3,2,95,2,150,6,4,1,2,2,154,4,1,2,154,4,1,6,16,
org.apache.tools.ant.types.CommandlineJava 3,3,3,3,3,3,3,3,4,1,3,356,5,6,12,3,1,2,6,324,4,1,6,16,4,1,11,1,3,99,12,3,35,25,1,3,27,2,36,44,2,9,1,7,4,1,5,7,11,1,2,2,9,1,7,258,4,1,11,1,3,127,2,127,6,9,1,6,17,4,2,2,68,4,1,6,14,4,1,6,14,4,1,2,357,4,1,2,95,4,1,2,439,4,1,2,95,2,4,1,5,1,6,364,6,221,4,1,2,95,2,533,4,1,5,1,6,364,6,141,4,1,5,1,2,6,4,1,6,255,4,1,3,16,3,3,77,473,2,5,1,2,2,42,2,5,16,1,2,42,356,16,2,16,3,163,5,20,64,22,1,2,2,22,2,42,77,16,6,438,4,1,2,116,4,1,6,22,77,4,1,3,127,5,1,5,47,1,2,15,14,1,2,15,14,6,324,4,1,3,16,473,16,16,3,163,5,20,64,22,1,2,5,1,2,6,4,1,6,4,1,6,473,270,4,1,6,481,4,1,2,4,1,2,4,1,6,258,4,1,3,2,127,2,127,2,127,2,5,1,2,127,2,2,6,4,1,2,4,1,3,48,24,3,34,34,3,3,24,5,31,1,6,23,1,6,
org.apache.tools.ant.types.DataType 3,3,3,331,4,1,2,332,4,1,6,427,4,1,6,179,4,1,2,2,4,1,5,39,1,6,3,148,5,1,5,196,1,7,1,2,108,2,180,2,162,2,4,1,5,1,3,2,108,2,180,60,3,148,60,5,155,52,1,3,246,7,1,6,4,1,6,4,1,6,4,1,6,
org.apache.tools.ant.types.Description 130,4,1,3,316,5,1,2,487,1,2,487,
org.apache.tools.ant.types.EnumeratedAttribute 3,128,4,17,4,112,4,1,5,1,7,2,4,1,3,5,1,6,12,3,1,5,13,1,6,6,131,4,1,6,
org.apache.tools.ant.types.Environment 3,3,3,17,4,4,1,2,112,4,1,2,4,1,6,131,4,1,6,276,4,1,2,22,114,4,1,2,23,4,1,5,1,7,3,64,2,10,10,64,6,22,17,4,2,4,1,2,19,4,1,5,16,1,6,3,16,12,3,1,2,33,6,
org.apache.tools.ant.types.FileList 3,3,17,4,17,4,2,2,179,4,1,5,16,1,7,58,2,80,125,4,1,5,39,1,7,58,2,4,1,5,39,1,6,84,137,6,4,1,5,39,1,7,58,5,20,1,3,18,57,1,2,19,51,523,4,1,5,39,1,6,247,137,5,1,7,5,16,1,7,3,16,2,82,6,264,4,1,5,1,3,2,108,2,180,3,148,5,1,3,246,7,1,6,
org.apache.tools.ant.types.FileSet 3,3,3,3,3,17,4,17,4,2,2,2,2,2,179,4,1,5,1,7,58,5,171,1,7,81,2,80,125,4,1,5,39,1,7,58,2,4,1,5,39,1,6,84,137,6,353,4,1,5,39,1,7,81,3,2,19,6,287,4,1,5,39,1,7,81,6,140,432,4,1,5,39,1,7,81,6,431,286,4,1,5,39,1,7,81,6,167,429,4,1,5,39,1,7,81,6,414,194,4,1,5,39,1,7,58,2,126,195,4,1,5,39,1,7,58,2,227,339,4,1,5,39,1,7,58,2,532,350,4,1,5,39,1,7,58,2,531,301,4,1,5,39,1,7,58,2,398,4,1,2,428,4,1,5,39,1,6,61,137,5,1,7,5,31,1,7,23,5,49,1,7,23,3,2,2,6,4,1,5,1,7,2,223,12,3,16,1,3,33,2,10,2,8,2,126,472,2,227,471,5,2,2,264,4,1,5,1,3,2,108,2,180,3,148,5,1,3,246,7,1,6,
org.apache.tools.ant.types.FilterSet 3,3,17,4,2,2,17,4,377,4,1,2,112,4,1,2,4,1,6,131,4,1,6,17,4,114,4,1,2,518,3,3,3,3,3,17,4,17,4,2,127,193,4,1,5,39,1,6,193,137,6,264,4,1,6,4,1,3,16,193,3,12,3,35,193,25,1,3,27,2,36,424,44,6,4,1,5,39,1,7,58,2,518,4,1,5,39,1,7,58,2,4,1,5,39,1,6,137,6,4,1,5,39,1,7,58,2,4,1,5,39,1,6,137,6,4,1,5,39,1,7,58,5,229,1,2,8,3,11,1,3,2,2,187,3,502,3,193,18,25,1,3,27,3,24,2,19,9,1,7,1,5,1,11,1,2,30,9,1,1,7,4,1,3,3,3,34,5,1,3,11,1,3,3,3,3,113,1,3,34,20,5,1,37,2,29,20,2,10,29,5,207,1,2,38,2,8,2,10,2,20,20,20,1,2,10,2,20,34,2,10,29,6,22,9,1,6,1,6,499,4,1,5,39,1,7,81,2,19,4,1,5,39,1,7,81,6,499,4,1,5,39,1,7,81,2,19,4,1,5,39,1,7,81,12,3,35,193,25,1,2,19,27,4,1,6,16,193,
org.apache.tools.ant.types.FilterSetCollection 3,17,4,17,4,2,300,4,1,2,19,4,1,3,12,3,35,25,1,3,27,2,6,4,1,12,3,35,25,1,3,27,5,1,6,6,
org.apache.tools.ant.types.Mapper 3,3,17,4,2,515,4,1,5,39,1,7,58,2,3,221,4,1,5,39,1,7,58,2,3,133,4,1,5,39,1,7,58,5,1,2,1,2,10,141,4,1,5,39,1,7,81,5,1,2,6,73,145,4,1,5,39,1,7,58,2,80,103,3,146,4,1,5,39,1,7,58,2,3,161,4,1,5,39,1,7,58,2,179,4,1,5,1,7,58,2,80,4,1,5,39,1,6,298,137,5,1,7,5,1,7,11,1,5,1,2,298,3,5,1,2,54,1,3,2,106,2,289,3,59,2,2,277,6,9,1,7,9,1,7,1,5,1,2,264,4,1,5,1,3,2,108,2,180,3,148,5,1,3,246,7,1,6,3,17,4,2,2,36,2,36,2,36,2,36,2,36,128,4,1,6,4,1,6,24,44,
org.apache.tools.ant.types.Path 3,3,3,24,3,253,4,1,2,23,276,4,1,2,519,4,1,6,17,4,2,88,470,17,4,2,2,368,4,1,2,251,4,1,6,253,4,1,5,39,1,7,58,2,120,470,276,4,1,5,39,1,7,58,2,88,470,179,4,1,5,171,1,7,58,2,19,2,80,4,1,5,39,1,7,81,3,2,19,6,169,4,1,5,39,1,7,81,2,19,2,436,4,1,5,39,1,7,81,3,2,19,2,6,469,4,1,5,6,3,72,12,3,1,5,34,1,2,19,4,1,3,72,12,3,1,3,5,1,2,56,1,2,5,31,1,2,120,4,1,5,1,3,2,108,2,180,3,16,12,3,16,1,3,33,5,1,3,2,148,5,1,3,246,7,5,1,2,303,5,1,3,474,5,1,7,12,3,1,2,303,5,1,3,5,60,1,2,147,3,72,12,3,1,2,303,5,1,3,3,61,3,79,3,84,12,3,1,3,3,23,2,303,3,16,2,82,6,116,4,1,3,72,5,6,3,22,12,3,1,2,10,2,10,6,22,4,1,3,5,6,3,3,18,57,1,2,107,3,51,11,1,2,10,56,9,1,2,8,12,3,20,1,2,2,19,22,3,16,2,82,6,4,1,5,6,3,12,3,20,1,2,6,22,4,1,5,53,53,1,2,6,6,324,4,1,6,72,258,4,1,3,2,10,6,4,1,5,1,6,3,35,18,25,1,3,27,5,1,2,148,5,1,5,196,1,7,1,2,108,2,180,2,162,2,307,4,1,5,1,3,56,6,23,6,4,1,5,34,1,2,19,4,1,6,163,4,1,3,3,5,1,3,24,5,1,2,5,13,1,2,71,5,13,1,2,71,2,71,5,13,1,2,71,1,5,13,1,2,8,2,71,2,71,6,
org.apache.tools.ant.types.PatternSet 3,3,3,3,3,3,3,110,4,1,2,4,1,2,4,1,2,122,4,1,6,4,1,6,4,1,5,24,1,6,5,24,1,6,6,116,4,1,3,5,1,2,10,3,5,1,2,10,2,10,2,5,1,2,10,2,10,2,10,6,22,17,4,179,4,1,5,171,171,1,7,58,2,80,287,4,1,5,39,1,7,81,6,271,432,4,1,5,39,1,7,81,6,271,286,4,1,5,39,1,7,81,6,271,429,4,1,5,39,1,7,81,6,271,194,4,1,5,39,1,7,58,5,20,1,3,18,57,1,2,69,140,51,195,4,1,5,39,1,7,58,5,20,1,3,18,57,1,2,69,167,51,4,1,3,2,19,6,339,4,1,5,39,1,7,58,2,69,431,23,350,4,1,5,39,1,7,58,2,69,414,23,4,1,11,1,3,3,92,18,1,5,20,1,2,153,99,2,69,271,2,92,9,1,3,7,469,4,1,5,39,1,7,3,472,5,1,12,3,1,2,69,140,3,471,5,1,12,3,1,2,69,167,4,1,5,39,1,6,472,137,1,2,6,4,1,5,39,1,6,471,137,1,2,6,4,1,6,16,16,16,16,264,4,1,5,1,3,2,108,2,180,3,148,5,1,3,246,7,1,6,4,1,5,16,6,3,12,3,35,25,1,3,27,3,468,5,20,1,2,19,3,16,2,82,6,4,1,5,16,1,3,35,18,25,1,3,27,3,468,5,1,3,56,5,31,7,23,2,2,154,5,16,1,3,35,18,25,1,3,27,3,468,5,1,3,56,5,31,7,23,2,2,154,116,4,1,6,
org.apache.tools.ant.types.Reference 3,17,4,17,4,2,4,1,2,4,1,6,4,1,5,1,7,3,38,5,1,7,6,
org.apache.tools.ant.types.ZipFileSet 3,3,3,3,125,4,1,5,1,7,1,2,98,2,117,4,1,5,1,7,2,4,1,6,4,1,2,4,1,6,4,1,2,4,1,6,428,4,1,5,39,1,6,61,137,5,1,3,2,320,2,98,115,2,2,74,6,1,6,61,
org.apache.tools.ant.types.ZipScanner 3,117,4,1,2,408,4,1,3,2,23,6,409,4,1,6,134,4,1,5,1,2,2,5,1,2,400,4,1,3,46,46,6,333,327,
org.apache.tools.ant.util.DOMElementWriter 3,24,3,3,111,4,1,12,3,1,2,21,2,21,2,21,3,512,12,3,268,1,3,2,21,2,21,26,2,21,2,21,372,44,2,21,2,21,3,3,12,3,268,1,3,157,5,1,2,21,2,2,21,37,2,21,372,37,2,21,2,21,2,21,37,2,21,2,21,2,21,37,2,21,2,21,3,5,20,1,2,21,2,21,2,21,37,5,1,12,3,1,2,21,2,21,2,21,2,21,2,21,2,93,4,1,2,107,12,3,20,1,3,53,157,2,10,37,2,10,37,2,10,37,2,10,37,3,34,5,39,29,1,2,10,1,2,10,37,2,10,37,6,22,427,4,1,5,53,55,1,6,5,53,1,5,53,1,11,1,2,248,29,20,6,9,1,6,1,11,1,2,248,29,20,6,9,1,6,3,29,20,12,3,1,5,13,1,6,6,
org.apache.tools.ant.util.FileNameMapper 146,4,161,4,189,4,
org.apache.tools.ant.util.FileUtils 3,3,4,1,6,17,4,94,4,1,2,83,94,4,1,2,83,94,4,1,2,83,94,4,1,2,83,94,4,1,2,83,94,4,1,2,83,94,4,1,2,83,94,4,1,5,31,45,45,1,5,31,229,1,2,62,3,86,5,31,1,2,135,5,1,3,3,3,3,3,92,18,1,5,20,1,2,305,1,2,2,21,2,305,2,92,2,30,2,30,1,3,3,3,3,113,1,2,21,2,63,2,30,2,30,5,1,2,309,45,4,1,5,68,1,6,5,1,340,1,5,1,11,1,2,65,9,1,7,6,4,1,5,68,1,6,3,5,1,2,76,1,2,11,1,2,50,9,1,3,124,7,9,1,7,307,4,1,2,46,46,5,47,20,257,53,53,1,6,496,5,20,257,53,53,1,6,496,3,23,3,18,57,1,3,51,5,13,1,3,86,5,1,3,78,7,2,5,13,1,1,2,6,23,4,1,3,2,46,46,5,47,20,257,53,53,1,3,7,3,3,5,20,257,53,53,1,2,3,338,46,3,2,10,10,142,12,3,1,5,1,2,10,2,46,22,5,20,1,2,2,1,2,29,2,29,1,5,20,1,2,2,5,53,1,2,2,29,1,2,2,29,3,2,108,3,18,57,1,3,51,5,13,1,75,5,13,1,5,16,1,7,1,2,162,2,108,3,12,3,16,1,5,1,2,10,2,10,33,2,22,5,1,2,46,6,
org.apache.tools.ant.util.FlatFileNameMapper 146,4,1,161,4,1,189,4,1,6,26,
org.apache.tools.ant.util.GlobPatternMapper 3,3,3,3,3,3,146,4,1,3,143,5,1,2,2,1,2,29,2,29,2,20,2,20,161,4,1,3,143,5,1,2,2,1,2,29,2,29,189,4,1,5,47,55,1,6,6,4,1,6,29,20,
org.apache.tools.ant.util.IdentityMapper 146,4,1,161,4,1,189,4,1,6,
org.apache.tools.ant.util.MergingMapper 3,146,4,1,161,4,1,2,189,4,1,6,
org.apache.tools.ant.util.RegexpPatternMapper 3,3,3,17,4,2,146,4,1,11,1,2,9,1,7,161,4,1,2,338,189,4,1,5,467,1,6,6,4,1,3,2,107,12,3,1,5,1,5,1,3,5,1,2,10,33,1,2,10,1,2,10,1,2,10,6,22,
org.apache.tools.ant.util.SourceFileScanner 3,3,17,4,2,2,232,4,1,3,102,3,3,48,24,5,34,1,2,3,12,3,1,3,299,5,1,2,8,75,3,5,1,2,1,2,56,5,45,1,2,8,3,2,107,12,3,1,3,5,1,2,1,2,56,5,31,1,2,8,23,2,19,2,5,45,45,1,2,8,23,2,19,2,1,5,20,1,2,10,2,10,23,5,1,2,8,22,3,16,2,82,6,4,1,3,166,3,12,3,1,2,6,
org.apache.tools.ant.util.regexp.JakartaOroMatcher 3,3,3,329,4,1,11,1,2,9,1,7,466,4,1,6,465,4,1,6,196,464,4,1,5,467,1,6,3,3,12,3,1,2,19,6,
org.apache.tools.ant.util.regexp.JakartaRegexpMatcher 3,3,329,4,1,11,1,2,2,9,1,7,466,4,1,6,465,4,1,6,216,464,4,1,5,467,1,6,3,12,3,1,2,19,6,
org.apache.tools.ant.util.regexp.RegexpMatcher 329,4,466,4,465,4,464,4,
org.apache.tools.ant.util.regexp.RegexpMatcherFactory 17,4,4,1,3,24,5,1,6,341,11,1,6,341,9,1,11,1,6,341,9,1,11,1,6,341,9,1,7,4,1,11,1,3,54,6,59,9,1,7,
org.apache.tools.mail.MailMessage 3,3,3,3,3,3,3,3,17,4,17,4,2,2,2,2,2,351,2,444,2,4,1,2,2,4,1,2,463,2,19,4,1,2,463,2,19,4,1,2,463,4,1,2,36,4,1,2,36,4,1,2,2,2,2,2,6,4,1,2,351,4,1,2,351,4,1,2,351,4,1,3,3,35,18,25,1,2,10,27,5,25,1,2,10,6,22,4,1,3,70,18,25,1,3,27,3,38,2,28,2,28,2,93,4,1,2,2,2,4,1,3,3,3,3,20,12,3,1,3,53,5,1,2,5,1,5,1,2,5,1,5,1,2,5,1,2,5,1,2,6,29,4,1,2,2,2,238,2,4,1,3,3,5,1,7,4,1,3,3,2,269,4,1,3,2,269,4,1,3,2,269,4,1,3,2,269,4,1,3,4,1,3,2,269,4,1,3,5,1,7,4,1,12,3,1,5,47,1,6,6,4,1,5,2,30,5,2,30,5,2,30,3,17,4,111,4,1,5,1,2,337,5,1,2,337,1,2,337,2,111,4,1,12,3,1,2,21,4,1,2,21,4,1,3,20,12,3,1,2,337,53,
org.apache.tools.mail.SmtpResponseReader 3,3,17,4,2,4,1,2,107,3,92,5,1,2,10,29,2,10,18,1,2,10,5,1,37,2,92,6,64,22,205,4,1,2,30,4,1,6,53,469,4,1,2,10,29,2,10,
org.apache.tools.tar.TarBuffer 3,3,3,3,3,3,3,3,3,3,3,17,4,17,4,17,4,2,2,2,17,4,17,4,17,4,2,2,2,4,1,2,2,2,2,2,5,1,2,2,1,2,2,4,1,6,462,4,1,6,274,4,1,2,4,1,12,3,3,461,1,5,1,6,6,4,1,5,1,2,28,5,1,7,5,1,5,1,2,4,1,5,1,2,28,5,1,7,5,1,5,1,6,3,2,42,2,6,4,1,5,1,2,28,5,1,7,2,3,3,18,1,3,63,5,1,37,2,2,5,1,5,1,2,28,2,6,4,1,6,4,1,6,4,1,5,1,2,28,5,1,7,5,1,7,5,1,2,460,2,42,2,4,1,5,1,2,28,5,1,7,5,1,7,5,1,2,460,2,42,2,4,1,5,1,2,28,5,1,7,2,21,2,93,2,2,4,1,5,1,2,28,5,1,7,5,1,2,460,205,4,1,5,1,2,28,5,1,2,5,1,2,30,2,5,1,5,1,2,30,2,
org.apache.tools.tar.TarConstants 3,3,3,3,3,3,3,3,3,3,3,3,3,3,3,3,3,3,3,3,3,3,3,3,
org.apache.tools.tar.TarEntry 3,3,3,3,3,3,3,3,3,3,3,3,3,3,3,17,4,2,2,2,3,24,5,20,1,2,29,2,2,2,2,2,17,4,3,55,2,2,2,2,2,2,2,2,2,2,2,102,2,2,2,2,2,17,4,2,17,4,2,3,78,3,24,5,1,3,3,29,20,5,41,1,5,20,1,3,53,3,53,5,1,2,29,2,46,18,47,1,2,29,2,2,5,49,1,2,2,5,53,20,1,2,10,1,2,2,2,20,2,45,2,2,2,17,4,2,242,4,1,6,13,26,26,4,1,6,47,26,26,122,4,1,6,22,110,4,1,2,419,4,1,2,4,1,6,4,1,2,4,1,6,4,1,2,4,1,6,22,4,1,2,4,1,6,22,4,1,2,4,1,2,2,4,1,2,2,4,1,2,4,1,2,102,4,1,6,435,4,1,6,4,1,6,4,1,2,4,1,6,13,22,4,1,5,1,6,49,5,1,6,5,55,26,1,6,6,4,1,5,49,1,6,3,72,3,12,3,1,2,6,4,1,3,2,254,2,201,2,201,2,201,2,2,3,12,3,1,2,2,2,254,2,254,2,254,2,254,2,201,2,201,18,1,2,3,2,4,1,3,2,252,2,2,184,2,2,184,2,2,184,2,2,184,2,2,184,2,2,184,2,2,2,252,2,2,252,2,2,252,2,2,252,2,2,184,2,2,184,
org.apache.tools.tar.TarInputStream 3,3,3,3,3,3,3,3,17,4,17,4,17,4,2,2,2,2,2,274,4,1,2,2,421,205,4,1,2,30,462,4,1,6,461,4,1,6,4,1,3,12,3,1,3,63,5,1,37,2,4,1,6,4,1,4,1,4,1,5,1,6,5,1,3,5,1,2,28,26,5,1,2,430,2,3,5,1,5,1,2,28,2,5,1,5,1,2,28,2,5,1,2,1,2,5,1,2,2,2,7,5,1,2,28,26,119,2,2,119,5,1,3,3,3,18,63,1,2,10,2,380,2,69,22,6,326,4,1,3,63,5,1,6,1,6,326,4,1,6,63,326,4,1,3,5,1,6,5,1,2,5,1,3,2,42,5,1,2,1,3,3,2,42,2,2,2,2,18,1,3,5,1,7,3,3,5,1,2,42,2,2,42,1,2,2,42,2,2,2,2,6,4,1,3,18,1,3,63,5,1,37,2,21,
org.apache.tools.tar.TarOutputStream 3,3,3,3,3,3,3,3,3,3,3,3,17,4,17,4,17,4,2,2,2,2,2,2,4,1,2,274,4,1,2,4,1,2,421,4,1,2,205,4,1,2,2,30,462,4,1,6,461,4,1,5,20,26,1,5,1,3,2,250,20,26,2,318,2,21,40,26,2,21,2,319,5,1,7,26,2,2,267,2,5,49,1,2,1,2,119,4,1,5,1,12,3,1,2,2,267,2,2,5,1,7,111,4,1,2,2,21,111,4,1,2,21,111,4,1,5,1,7,5,1,5,1,3,2,42,2,42,2,267,2,2,2,2,1,2,42,2,2,2,18,1,5,1,2,42,2,37,2,267,3,2,2,2,4,1,12,3,1,2,2,267,
org.apache.tools.tar.TarUtils 4,1,3,3,3,12,3,1,5,1,37,5,1,5,1,75,5,1,37,2,2,6,4,1,3,3,12,3,1,5,1,37,2,10,6,4,1,3,12,20,1,2,53,12,1,2,6,4,1,3,3,2,2,2,2,5,1,2,2,1,12,3,1,2,2,12,1,2,6,4,1,3,2,201,2,42,6,4,1,2,201,2,2,6,4,1,3,12,3,1,2,6,
org.apache.tools.zip.AsiExtraField 3,3,3,3,3,3,3,17,4,459,4,1,6,458,4,1,6,40,457,456,4,1,6,273,455,4,1,3,44,273,2,42,40,265,3,40,457,2,42,40,2,42,40,2,42,40,2,42,2,182,2,294,3,44,3,2,42,40,2,42,6,454,4,1,6,453,4,1,2,4,1,6,4,1,2,4,1,6,4,1,2,2,265,4,1,6,4,1,6,20,457,419,4,1,2,265,418,4,1,6,4,1,2,2,265,4,1,6,452,4,1,3,44,3,2,42,2,182,2,294,3,44,5,1,7,321,321,3,44,3,44,2,44,2,44,5,1,2,1,2,42,2,2,2,418,4,1,3,5,1,2,5,49,1,2,6,
org.apache.tools.zip.ExtraFieldUtils 3,1,2,2,4,1,11,1,3,59,2,36,225,9,1,7,9,1,7,9,1,7,4,1,3,38,5,1,6,59,3,2,6,488,4,1,3,3,18,1,3,3,44,5,1,7,11,1,3,2,2,19,9,1,7,43,9,1,7,43,2,7,3,16,2,82,6,4,1,3,12,3,1,2,44,273,3,3,12,3,1,2,42,40,225,2,42,40,273,3,453,2,42,2,6,4,1,3,12,3,1,2,44,3,3,12,3,1,2,42,40,225,2,42,40,3,2,42,2,6,
org.apache.tools.zip.UnixStat 3,3,3,3,3,3,3,
org.apache.tools.zip.UnrecognizedExtraField 3,4,1,2,459,4,1,6,3,4,1,2,458,4,1,6,455,4,1,6,3,4,1,2,456,4,1,5,1,6,6,273,454,4,1,5,1,6,6,453,452,4,1,3,2,42,2,
org.apache.tools.zip.ZipEntry 3,3,3,17,4,17,4,26,2,2,285,65,2,239,102,3,119,5,1,2,250,3,284,5,1,2,451,3,199,5,1,2,308,3,5,1,2,310,234,1,2,293,17,4,2,450,2,445,449,2,310,346,258,4,1,3,11,1,2,127,9,1,2,89,2,450,2,445,449,2,310,346,6,4,1,6,4,1,2,4,1,6,4,1,2,4,1,2,154,12,3,1,2,19,2,293,4,1,3,16,2,82,6,4,1,3,225,3,12,3,16,1,5,13,225,33,1,2,482,2,5,1,2,19,2,293,4,1,3,12,3,16,1,5,13,225,33,1,2,2,5,1,7,2,293,4,1,11,1,2,310,234,9,1,7,43,4,1,2,293,346,4,1,3,6,4,1,6,346,3,4,1,5,1,2,1,2,4,1,5,1,6,6,284,3,3,3,4,1,2,6,4,1,3,11,1,2,50,9,1,3,124,7,43,9,1,7,43,4,1,5,1,340,1,2,11,1,2,65,9,1,
org.apache.tools.zip.ZipExtraField 459,4,458,4,456,4,455,4,454,4,452,4,
org.apache.tools.zip.ZipLong 3,17,4,2,17,4,17,4,2,2,2,2,412,4,1,3,2,2,2,2,6,131,4,1,6,242,4,1,5,1,6,6,44,4,1,6,
org.apache.tools.zip.ZipOutputStream 3,3,3,3,3,3,3,3,3,3,3,3,3,3,3,3,17,4,369,4,1,2,4,1,6,4,1,2,319,2,12,3,16,1,2,33,2,44,2,2,226,2,154,4,1,5,1,6,3,44,2,182,5,65,1,2,18,1,2,2,250,2,451,2,308,2,182,2,284,1,5,199,1,7,26,321,199,321,5,119,1,7,26,119,2,2,4,1,2,319,2,2,19,2,285,2,239,76,5,65,1,5,119,1,7,5,199,1,7,2,451,119,1,2,2,4,1,2,4,1,2,4,1,2,111,4,1,5,65,1,2,21,1,2,21,2,2,294,3,3,3,3,4,1,2,36,2,21,40,2,5,65,1,2,21,40,2,21,40,1,2,21,40,2,21,2,2,21,40,65,2,2,21,40,102,2,5,65,1,2,21,2,21,2,21,1,2,21,40,199,2,21,40,119,2,21,40,119,2,3,40,26,2,21,40,2,3,2,21,40,2,2,21,2,2,21,2,2,4,1,5,65,1,6,2,21,40,2,21,40,199,2,21,40,284,2,21,40,119,2,4,1,2,21,40,2,2,21,40,2,5,65,1,2,21,40,2,21,40,1,2,21,40,2,21,2,2,21,40,65,2,2,21,40,102,2,2,21,40,199,2,21,40,284,2,21,40,119,2,3,40,26,2,21,40,2,3,2,21,40,2,3,5,1,2,3,40,2,21,40,2,2,21,2,2,21,40,450,2,2,21,40,449,2,2,21,40,38,2,2,21,2,2,21,2,2,21,2,4,1,2,21,40,2,21,2,21,3,40,16,2,21,2,21,2,21,40,2,21,40,3,40,2,21,40,2,21,3,4,1,3,3,5,1,6,3,3,2,2,2,2,6,412,4,1,5,1,6,40,1,11,1,6,40,9,1,7,43,
org.apache.tools.zip.ZipShort 3,17,4,2,17,4,17,4,2,2,412,4,1,3,2,2,6,131,4,1,6,242,4,1,5,1,6,6,44,4,1,6,
